ballerina/http/Caller#respond
[[0.05327582]
 [0.05327582]
 [0.05327582]
 ...
 [0.05327582]
 [0.05327582]
 [0.05327582]]
ballerina/http/Client#delete#https://graph.microsoft.com
[[ 1756.7257]
 [ 1743.4784]
 [ 1730.2313]
 [ 1716.9839]
 [ 1703.7367]
 [ 1690.4894]
 [ 1677.2421]
 [ 1663.9948]
 [ 1650.7474]
 [ 1637.5004]
 [ 1624.253 ]
 [ 1611.0057]
 [ 1597.7584]
 [ 1584.5111]
 [ 1572.4366]
 [ 1567.4727]
 [ 1567.1064]
 [ 1637.479 ]
 [ 1759.1799]
 [ 1880.881 ]
 [ 2002.5819]
 [ 2124.283 ]
 [ 2245.9841]
 [ 2367.6848]
 [ 2489.3857]
 [ 2611.0864]
 [ 2732.7876]
 [ 2854.4883]
 [ 2976.1897]
 [ 3097.8906]
 [ 3219.5913]
 [ 3341.2927]
 [ 3459.2573]
 [ 3552.6733]
 [ 3646.0894]
 [ 3739.5051]
 [ 3832.9207]
 [ 3926.337 ]
 [ 4019.7527]
 [ 4113.169 ]
 [ 4206.585 ]
 [ 4300.0005]
 [ 4393.4165]
 [ 4486.8325]
 [ 4580.248 ]
 [ 4673.6646]
 [ 4767.0806]
 [ 4860.4956]
 [ 4953.9116]
 [ 5047.3276]
 [ 5140.7437]
 [ 5234.16  ]
 [ 5327.576 ]
 [ 5420.991 ]
 [ 5514.407 ]
 [ 5607.823 ]
 [ 5701.2393]
 [ 5794.655 ]
 [ 5888.072 ]
 [ 5981.487 ]
 [ 6074.903 ]
 [ 6168.319 ]
 [ 6261.735 ]
 [ 6355.15  ]
 [ 6448.566 ]
 [ 6541.9824]
 [ 6635.397 ]
 [ 6728.8145]
 [ 6822.2295]
 [ 6915.6455]
 [ 7009.0615]
 [ 7102.4775]
 [ 7195.8926]
 [ 7289.309 ]
 [ 7382.724 ]
 [ 7476.141 ]
 [ 7569.556 ]
 [ 7662.972 ]
 [ 7756.388 ]
 [ 7849.8047]
 [ 7943.2207]
 [ 8036.6357]
 [ 8130.0527]
 [ 8223.468 ]
 [ 8316.885 ]
 [ 8410.3   ]
 [ 8503.716 ]
 [ 8597.131 ]
 [ 8690.547 ]
 [ 8783.965 ]
 [ 8877.38  ]
 [ 8970.796 ]
 [ 9064.212 ]
 [ 9157.628 ]
 [ 9251.044 ]
 [ 9344.459 ]
 [ 9437.874 ]
 [ 9531.29  ]
 [ 9624.706 ]
 [ 9718.193 ]
 [ 9811.771 ]
 [ 9905.349 ]
 [ 9998.928 ]
 [10092.504 ]
 [10186.084 ]
 [10279.662 ]
 [10373.239 ]
 [10466.819 ]
 [10560.3955]
 [10653.975 ]
 [10747.552 ]
 [10841.13  ]
 [10934.708 ]
 [11028.286 ]
 [11121.864 ]
 [11215.442 ]
 [11309.0205]
 [11402.6   ]
 [11496.177 ]
 [11589.756 ]
 [11683.332 ]
 [11776.911 ]
 [11870.488 ]
 [11964.067 ]
 [12057.646 ]
 [12151.222 ]
 [12244.8   ]
 [12338.379 ]
 [12431.957 ]
 [12525.536 ]
 [12619.113 ]
 [12712.69  ]
 [12806.2705]
 [12899.848 ]
 [12993.426 ]
 [13087.003 ]
 [13180.581 ]
 [13274.16  ]
 [13367.736 ]
 [13461.314 ]
 [13554.8955]
 [13648.473 ]
 [13742.051 ]
 [13835.629 ]
 [13929.207 ]
 [14022.787 ]
 [14116.362 ]
 [14209.939 ]
 [14303.519 ]
 [14397.099 ]
 [14490.674 ]
 [14584.254 ]
 [14677.831 ]
 [14771.409 ]
 [14864.985 ]
 [14958.565 ]
 [15052.143 ]
 [15145.721 ]
 [15239.3   ]
 [15332.877 ]
 [15426.457 ]
 [15520.032 ]
 [15613.612 ]
 [15707.19  ]
 [15800.768 ]
 [15894.345 ]
 [15987.924 ]
 [16081.503 ]
 [16175.079 ]
 [16268.659 ]
 [16362.236 ]
 [16455.816 ]
 [16549.393 ]
 [16642.97  ]
 [16736.549 ]
 [16830.127 ]
 [16923.703 ]
 [17017.281 ]
 [17110.861 ]
 [17204.44  ]
 [17298.018 ]
 [17391.594 ]
 [17485.174 ]
 [17578.752 ]
 [17672.328 ]
 [17765.908 ]
 [17859.484 ]
 [17953.062 ]
 [18046.64  ]
 [18140.217 ]]
ballerina/http/Client#forward#http://13.90.39.240:8601
[[   80.8722]
 [   80.8722]
 [   80.8722]
 ...
 [10270.326 ]
 [10270.329 ]
 [10270.332 ]]
ballerina/http/Client#forward#http://13.90.39.240:8602
[[   84.649]
 [   84.649]
 [   84.649]
 ...
 [10626.317]
 [10626.829]
 [10627.342]]
ballerina/http/Client#forward#http://13.90.39.240:8688
[[  3.9197018]
 [  3.9197018]
 [  3.9197018]
 ...
 [588.0121   ]
 [588.7321   ]
 [589.4519   ]]
ballerina/http/Client#forward#http://13.90.39.240:8700
[[21.669489]
 [21.668674]
 [21.667862]
 ...
 [83.173035]
 [83.1882  ]
 [83.20335 ]]
ballerina/http/Client#forward#http://13.90.39.240:8702
[[  14.572034]
 [  14.618513]
 [  14.664991]
 ...
 [1191.787   ]
 [1191.9922  ]
 [1192.1973  ]]
ballerina/http/Client#forward#http://13.90.39.240:8802
[[  5.470427]
 [  5.470427]
 [  5.470427]
 ...
 [202.39119 ]
 [202.42873 ]
 [202.46628 ]]
ballerina/http/Client#forward#http://13.90.39.240:8888
[[106.248825]
 [106.2516  ]
 [106.25437 ]
 ...
 [639.2631  ]
 [639.3874  ]
 [639.5117  ]]
ballerina/http/Client#forward#http://13.90.39.240:8902
[[17.266308]
 [17.267454]
 [17.268602]
 ...
 [17.27481 ]
 [17.27481 ]
 [17.27481 ]]
ballerina/http/Client#forward#http://40.114.5.166:8902
[[  3.9598205]
 [  3.9598205]
 [  3.9598205]
 ...
 [101.71851  ]
 [101.72876  ]
 [101.73897  ]]
ballerina/http/Client#forward#http://52.188.109.168:8688
[[11.012286]
 [11.012286]
 [11.012286]
 ...
 [11.012286]
 [11.012286]
 [11.012286]]
ballerina/http/Client#get#http://postman-echo.com
[[ 241.36531]
 [ 241.36531]
 [ 241.36531]
 ...
 [4409.7783 ]
 [4409.838  ]
 [4409.8965 ]]
ballerina/http/Client#get#http://www.mocky.io
[[ 1124.0696]
 [ 1124.0696]
 [ 1124.0696]
 ...
 [13702.143 ]
 [13707.83  ]
 [13713.519 ]]
ballerina/http/Client#get#https://ap15.salesforce.com
[[ 528.38605]
 [ 520.44714]
 [ 512.50824]
 [ 504.5693 ]
 [ 496.6304 ]
 [ 515.9096 ]
 [ 614.8569 ]
 [ 721.9297 ]
 [ 832.4817 ]
 [ 943.9499 ]
 [1055.4181 ]
 [1166.8865 ]
 [1278.3545 ]
 [1389.8229 ]
 [1491.0024 ]
 [1521.632  ]
 [1552.2616 ]
 [1579.6526 ]
 [1602.9231 ]
 [1626.1941 ]
 [1649.4648 ]
 [1672.7356 ]
 [1696.0065 ]
 [1719.2772 ]
 [1742.5482 ]
 [1765.819  ]]
ballerina/http/Client#get#https://covidapi.info/api/v1
[[216.37555]
 [216.37555]
 [216.37555]
 ...
 [216.37555]
 [216.37555]
 [216.37555]]
ballerina/http/Client#get#https://graph.microsoft.com
[[1531.304 ]
 [1531.304 ]
 [1531.304 ]
 [1531.304 ]
 [1531.304 ]
 [1531.304 ]
 [1531.304 ]
 [1531.304 ]
 [1531.304 ]
 [1531.304 ]
 [1531.304 ]
 [1531.304 ]
 [1531.304 ]
 [1531.304 ]
 [1531.304 ]
 [1531.304 ]
 [1531.304 ]
 [1531.304 ]
 [1531.304 ]
 [1531.304 ]
 [1531.304 ]
 [1531.304 ]
 [1531.304 ]
 [1531.304 ]
 [1531.304 ]
 [1531.304 ]
 [1531.304 ]
 [1531.304 ]
 [1547.373 ]
 [1570.2627]
 [1593.1525]
 [1616.0421]
 [1638.9319]
 [1661.8218]
 [1684.7114]
 [1707.6012]
 [1730.491 ]
 [1753.3806]
 [1776.2704]
 [1799.1602]
 [1822.0499]
 [1844.9397]
 [1867.8295]
 [1890.7191]
 [1913.6089]
 [1917.6779]
 [1921.2596]
 [1924.8414]
 [1928.4232]
 [1932.005 ]
 [1935.5872]
 [1939.169 ]
 [1942.7507]
 [1946.3325]
 [1949.9144]
 [1953.4965]
 [1957.0782]
 [1960.66  ]
 [1964.2418]
 [1967.8237]
 [1971.4058]
 [1974.9875]
 [1978.5693]
 [1982.1512]
 [1985.733 ]
 [1989.3151]
 [1992.8969]
 [1996.4786]
 [2000.0605]
 [2003.6423]
 [2007.2244]
 [2010.8062]
 [2014.388 ]
 [2017.9698]
 [2021.5516]
 [2025.1337]
 [2028.7155]
 [2032.2974]]
ballerina/http/Client#patch#https://graph.microsoft.com
[[ 1209.3759]
 [ 1209.3759]
 [ 1209.3759]
 [ 1209.3759]
 [ 1209.3759]
 [ 1209.3759]
 [ 1209.3759]
 [ 1209.3759]
 [ 1225.2279]
 [ 1316.644 ]
 [ 1408.06  ]
 [ 1499.4762]
 [ 1590.8923]
 [ 1682.3085]
 [ 1773.7245]
 [ 1865.1405]
 [ 1956.5568]
 [ 2047.9729]
 [ 2139.389 ]
 [ 2230.8052]
 [ 2322.2212]
 [ 2413.6375]
 [ 2505.0535]
 [ 2596.4697]
 [ 2687.8855]
 [ 2779.3018]
 [ 2870.7178]
 [ 2962.134 ]
 [ 3053.5503]
 [ 3144.9663]
 [ 3236.3826]
 [ 3327.7986]
 [ 3419.2146]
 [ 3510.6306]
 [ 3602.0466]
 [ 3693.4626]
 [ 3784.879 ]
 [ 3876.2952]
 [ 3967.7112]
 [ 4059.127 ]
 [ 4150.5435]
 [ 4241.96  ]
 [ 4333.3755]
 [ 4424.7915]
 [ 4516.208 ]
 [ 4607.624 ]
 [ 4699.04  ]
 [ 4790.456 ]
 [ 4881.872 ]
 [ 4973.2886]
 [ 5064.7036]
 [ 5156.12  ]
 [ 5247.5366]
 [ 5338.952 ]
 [ 5430.3687]
 [ 5521.7847]
 [ 5613.2007]
 [ 5704.617 ]
 [ 5796.0327]
 [ 5887.449 ]
 [ 5978.8647]
 [ 6070.2812]
 [ 6161.6978]
 [ 6253.1143]
 [ 6344.53  ]
 [ 6435.9463]
 [ 6527.3613]
 [ 6618.778 ]
 [ 6710.1934]
 [ 6801.61  ]
 [ 6893.0254]
 [ 6984.442 ]
 [ 7075.8584]
 [ 7167.275 ]
 [ 7258.6914]
 [ 7350.108 ]
 [ 7441.5225]
 [ 7532.939 ]
 [ 7624.3555]
 [ 7715.772 ]
 [ 7807.1875]
 [ 7898.6025]
 [ 7990.0205]
 [ 8081.437 ]
 [ 8172.852 ]
 [ 8264.268 ]
 [ 8355.685 ]
 [ 8447.1   ]
 [ 8538.517 ]
 [ 8629.933 ]
 [ 8721.348 ]
 [ 8812.765 ]
 [ 8904.181 ]
 [ 8995.597 ]
 [ 9087.013 ]
 [ 9178.429 ]
 [ 9269.845 ]
 [ 9361.262 ]
 [ 9452.677 ]
 [ 9544.093 ]
 [ 9635.51  ]
 [ 9726.926 ]
 [ 9818.342 ]
 [ 9909.759 ]
 [10001.174 ]
 [10092.591 ]
 [10184.007 ]
 [10275.422 ]
 [10366.839 ]
 [10458.254 ]
 [10549.671 ]
 [10641.086 ]
 [10732.503 ]
 [10823.918 ]
 [10915.335 ]
 [11006.75  ]
 [11098.167 ]
 [11189.584 ]
 [11281.    ]
 [11372.416 ]
 [11463.832 ]
 [11555.248 ]
 [11646.663 ]
 [11738.081 ]
 [11829.495 ]
 [11920.912 ]
 [12012.329 ]
 [12103.744 ]
 [12195.16  ]
 [12286.577 ]
 [12377.993 ]
 [12469.409 ]]
ballerina/http/Client#post#http://airline-mock-svc:8090
[[3.675838]
 [3.675838]
 [3.675838]
 ...
 [3.675838]
 [3.675838]
 [3.675838]]
ballerina/http/Client#post#http://car-mock-svc:8090
[[  2.7248082]
 [  2.7248082]
 [  2.7248082]
 ...
 [355.9784   ]
 [356.24368  ]
 [356.5091   ]]
ballerina/http/Client#post#http://hotel-mock-svc:8090
[[  2.8553572]
 [  2.8553572]
 [  2.8553572]
 ...
 [321.2597   ]
 [321.49298  ]
 [321.72635  ]]
ballerina/http/Client#post#https://ap15.salesforce.com
[[1831.0654]
 [1826.8318]
 [1822.5981]
 [1818.3647]
 [1814.1313]
 [1809.8977]
 [1805.6641]
 [1801.4305]
 [1797.1971]
 [1792.9635]
 [1788.73  ]
 [1784.4963]
 [1780.263 ]
 [1776.0293]
 [1771.7959]
 [1767.5621]
 [1763.3287]
 [1759.0951]
 [1754.7328]
 [1750.2606]
 [1745.7883]
 [1741.3162]
 [1736.844 ]
 [1732.3718]
 [1727.8997]
 [1723.4275]
 [1718.9552]
 [1714.483 ]
 [1710.0109]
 [1700.534 ]
 [1690.0985]
 [1679.6627]
 [1688.944 ]
 [1742.2734]
 [1801.5243]
 [1860.775 ]
 [1920.0259]
 [1979.2766]
 [2038.5275]
 [2097.7783]
 [2157.0293]
 [2216.28  ]
 [2275.531 ]
 [2334.7817]
 [2394.0327]
 [2452.9736]
 [2511.7898]
 [2570.6057]
 [2629.422 ]
 [2688.2383]
 [2747.0544]
 [2805.8706]
 [2864.6868]
 [2923.5032]
 [2982.319 ]
 [3041.1353]
 [3099.9512]
 [3158.7676]
 [3217.5837]
 [3276.4   ]
 [3335.2158]
 [3394.0322]
 [3452.8484]
 [3511.6643]
 [3570.4807]
 [3629.2969]
 [3687.3252]
 [3745.277 ]
 [3803.2297]
 [3861.1814]
 [3919.134 ]
 [3977.0862]]
ballerina/http/Client#post#https://api.twilio.com/2010-04-01
[[ 739.8744 ]
 [ 713.53595]
 [ 687.19745]
 [ 660.859  ]
 [ 656.0685 ]
 [ 705.3408 ]
 [ 771.0204 ]
 [ 836.69995]
 [ 902.3796 ]
 [ 968.05914]
 [1033.7389 ]
 [1099.4185 ]
 [1165.0981 ]
 [1230.7776 ]
 [1296.4573 ]
 [1362.1368 ]
 [1427.8165 ]
 [1493.496  ]
 [1559.1757 ]
 [1624.8551 ]
 [1690.5348 ]
 [1756.2145 ]
 [1821.894  ]
 [1887.5737 ]
 [1953.2532 ]
 [2018.9329 ]
 [2084.6125 ]
 [2150.292  ]
 [2215.9714 ]
 [2281.6511 ]
 [2347.3308 ]
 [2413.0107 ]
 [2478.69   ]
 [2544.3696 ]
 [2610.0493 ]
 [2675.7288 ]
 [2741.4084 ]
 [2807.088  ]
 [2872.7678 ]
 [2938.4473 ]
 [3004.127  ]
 [3069.8066 ]
 [3135.4863 ]
 [3201.1658 ]
 [3266.8457 ]
 [3332.5251 ]
 [3398.2048 ]
 [3463.8845 ]
 [3529.564  ]
 [3595.2432 ]
 [3660.9233 ]
 [3726.603  ]
 [3792.2822 ]
 [3857.962  ]
 [3923.6414 ]
 [3989.321  ]
 [4055.001  ]
 [4120.6797 ]
 [4186.36   ]
 [4252.039  ]
 [4317.719  ]
 [4383.399  ]
 [4449.078  ]
 [4514.758  ]
 [4580.438  ]
 [4646.117  ]
 [4711.7964 ]
 [4777.4766 ]
 [4843.1567 ]
 [4908.836  ]
 [4974.515  ]
 [5040.1953 ]
 [5105.8745 ]
 [5171.554  ]
 [5237.2334 ]
 [5302.9126 ]
 [5368.593  ]
 [5434.272  ]
 [5499.952  ]
 [5565.6313 ]
 [5631.3115 ]
 [5696.9907 ]
 [5762.67   ]
 [5828.35   ]
 [5894.03   ]
 [5959.709  ]
 [6025.3887 ]
 [6091.069  ]
 [6156.748  ]
 [6222.428  ]
 [6293.3467 ]
 [6366.95   ]
 [6440.555  ]
 [6514.1597 ]
 [6587.763  ]
 [6661.3677 ]
 [6734.971  ]
 [6808.575  ]
 [6882.1787 ]
 [6955.7827 ]
 [7029.387  ]
 [7102.9907 ]
 [7176.5947 ]
 [7250.199  ]
 [7323.8022 ]
 [7397.407  ]
 [7471.0117 ]
 [7544.6147 ]]
ballerina/http/Client#post#https://graph.microsoft.com
[[1198.7649]
 [1189.663 ]
 [1180.5609]
 [1171.459 ]
 [1162.3569]
 [1153.255 ]
 [1144.1531]
 [1135.051 ]
 [1125.9491]
 [1122.0155]
 [1211.4662]
 [1349.6716]
 [1487.8771]
 [1626.0823]
 [1764.2877]
 [1902.4932]
 [2040.6984]
 [2178.9038]
 [2317.1091]
 [2455.3147]
 [2593.5198]
 [2731.7253]
 [2821.661 ]
 [2888.2866]
 [2954.9126]
 [3021.5383]
 [3088.1638]
 [3154.7896]
 [3221.4153]
 [3288.0408]
 [3354.6667]
 [3421.2925]
 [3487.918 ]
 [3554.5437]
 [3621.1697]
 [3687.7954]
 [3754.421 ]
 [3821.0464]
 [3887.6724]
 [3954.2974]
 [4020.923 ]
 [4097.5005]
 [4190.625 ]
 [4283.751 ]
 [4376.875 ]
 [4469.999 ]
 [4563.1235]
 [4656.248 ]
 [4749.373 ]
 [4842.4976]
 [4935.6226]
 [5028.747 ]
 [5121.871 ]
 [5214.9966]
 [5308.1206]
 [5401.245 ]
 [5494.3706]
 [5587.4946]
 [5680.62  ]
 [5689.5483]
 [5602.3867]
 [5515.223 ]
 [5428.0615]
 [5340.899 ]
 [5253.7363]
 [5166.5757]
 [5079.4126]
 [4992.251 ]
 [4905.088 ]
 [4817.9263]
 [4730.763 ]
 [4643.602 ]
 [4556.4395]
 [4469.2764]
 [4382.1157]
 [4294.9526]
 [4207.79  ]
 [4120.628 ]
 [4033.4656]
 [3946.3042]
 [3859.1416]
 [3771.9783]
 [3684.8167]
 [3597.654 ]
 [3510.4941]
 [3423.3303]
 [3336.1677]
 [3249.0063]
 [3161.844 ]
 [3074.6814]
 [2987.5178]
 [2900.3562]
 [2866.7363]
 [2921.6648]
 [2976.5925]
 [3031.522 ]
 [3086.4507]
 [3141.379 ]
 [3196.3074]
 [3251.2358]
 [3306.164 ]
 [3361.0928]
 [3416.0217]
 [3470.9497]
 [3525.878 ]
 [3580.8074]
 [3635.7358]
 [3690.6643]
 [3745.5928]
 [3800.5208]
 [3855.45  ]
 [3910.3782]
 [3965.3064]
 [4020.2349]
 [4075.163 ]
 [4130.092 ]
 [4185.021 ]
 [4239.949 ]
 [4294.8774]
 [4349.8066]
 [4404.7354]
 [4459.6636]
 [4514.5923]
 [4569.5205]
 [4624.449 ]
 [4679.378 ]
 [4734.306 ]
 [4789.2344]
 [4844.163 ]
 [4899.0913]
 [4954.02  ]
 [5008.948 ]
 [5063.877 ]
 [5118.805 ]
 [5173.734 ]
 [5228.662 ]
 [5283.5913]
 [5338.52  ]
 [5393.4478]
 [5448.3765]
 [5503.3057]
 [5558.2344]
 [5613.1626]
 [5668.0913]
 [5723.0195]
 [5777.9473]
 [5832.8765]
 [5887.805 ]
 [5942.733 ]
 [5997.662 ]
 [6052.59  ]
 [6107.518 ]
 [6162.4478]
 [6217.376 ]
 [6272.3047]
 [6327.233 ]
 [6382.161 ]]
ballerina/http/Client#post#https://login.microsoftonline.com/common/oauth2/v2.0/token
[[ 453.2198 ]
 [ 454.6617 ]
 [ 456.10364]
 [ 457.436  ]
 [ 457.436  ]
 [ 530.05194]
 [ 623.4558 ]
 [ 716.8597 ]
 [ 810.26355]
 [ 903.66754]
 [ 997.0714 ]
 [1090.4755 ]
 [1183.8793 ]
 [1277.2831 ]
 [1370.687  ]
 [1464.091  ]
 [1557.4949 ]
 [1650.8987 ]
 [1744.3026 ]
 [1837.7064 ]
 [1931.1105 ]
 [2024.5143 ]
 [2117.918  ]
 [2211.3223 ]
 [2304.726  ]
 [2398.1301 ]
 [2491.5342 ]
 [2584.938  ]
 [2678.3416 ]
 [2771.7458 ]
 [2865.1494 ]
 [2958.5532 ]
 [3051.957  ]
 [3145.3613 ]
 [3238.7654 ]
 [3332.169  ]
 [3425.573  ]
 [3518.9763 ]
 [3612.3809 ]
 [3705.7847 ]
 [3798.9292 ]
 [3890.5872 ]
 [3982.2454 ]
 [4073.9033 ]
 [4165.5615 ]
 [4257.22   ]]
ballerina/http/Client#post#https://login.salesforce.com/services/oauth2/token
[[ 178.74136]
 [ 182.80392]
 [ 185.40933]
 [ 183.14578]
 [ 196.55508]
 [ 229.37003]
 [ 286.2011 ]
 [ 343.0322 ]
 [ 399.86337]
 [ 456.69443]
 [ 513.5255 ]
 [ 570.3567 ]
 [ 627.18774]
 [ 684.01886]
 [ 740.8499 ]
 [ 797.681  ]
 [ 854.5122 ]
 [ 900.7285 ]
 [ 943.62274]
 [ 986.5171 ]
 [1029.4114 ]
 [1072.3058 ]
 [1115.2001 ]
 [1158.0944 ]
 [1200.9886 ]
 [1243.883  ]
 [1286.7773 ]
 [1329.6715 ]
 [1370.9508 ]
 [1380.5427 ]
 [1380.5427 ]
 [1380.5427 ]
 [1380.5427 ]
 [1380.5427 ]
 [1380.5427 ]
 [1380.5427 ]
 [1380.5427 ]
 [1380.5427 ]]
ballerina/http/HttpCachingClient#delete
[[ 953.4198]
 [ 953.4198]
 [ 953.4198]
 [ 953.4198]
 [ 953.4198]
 [ 953.4198]
 [ 953.4198]
 [ 953.4198]
 [ 953.4198]
 [ 978.0428]
 [1068.2067]
 [1158.3707]
 [1248.5347]
 [1338.6986]
 [1428.8627]
 [1519.0265]
 [1609.1907]
 [1699.3546]
 [1789.5187]
 [1879.6825]
 [1969.8464]
 [2060.0103]
 [2150.1746]
 [2240.3384]
 [2330.5024]
 [2420.6665]
 [2510.8306]
 [2719.9802]
 [3095.6492]
 [3345.2249]
 [3432.249 ]
 [3519.2734]
 [3606.2979]
 [3693.3223]
 [3780.3472]
 [3867.3713]
 [3954.3958]
 [4041.4202]
 [4128.4443]
 [4215.469 ]
 [4302.4937]
 [4389.5176]
 [4476.5425]
 [4563.567 ]
 [4650.591 ]
 [4737.615 ]
 [4824.64  ]
 [4911.6646]
 [4998.689 ]
 [5085.7134]
 [5172.7383]
 [5259.9604]
 [5349.0786]
 [5438.1963]
 [5527.315 ]
 [5616.4326]
 [5705.551 ]
 [5794.669 ]
 [5883.787 ]
 [5972.9053]
 [6062.0234]
 [6151.1416]
 [6240.259 ]
 [6329.377 ]
 [6418.4946]
 [6507.613 ]
 [6596.7314]
 [6685.849 ]
 [6774.9673]
 [6864.0854]
 [6953.2036]
 [7042.322 ]
 [7131.4395]
 [7220.5576]
 [7309.6763]
 [7398.7935]
 [7487.912 ]
 [7577.0303]
 [7666.147 ]
 [7755.2656]
 [7844.383 ]
 [7933.502 ]
 [8022.62  ]
 [8111.7373]
 [8200.855 ]
 [8289.974 ]
 [8379.093 ]
 [8468.21  ]
 [8557.328 ]
 [8646.446 ]
 [8735.563 ]
 [8824.682 ]
 [8913.801 ]
 [8975.092 ]
 [8970.896 ]
 [8966.704 ]
 [8962.509 ]
 [8958.315 ]
 [8954.121 ]
 [8949.927 ]
 [8945.732 ]
 [8941.539 ]
 [8937.346 ]
 [8933.15  ]
 [8928.956 ]
 [8924.762 ]
 [8920.568 ]
 [8916.375 ]
 [8912.182 ]
 [8907.986 ]
 [8903.794 ]
 [8899.6   ]
 [8895.405 ]
 [8891.212 ]
 [8887.018 ]
 [8882.822 ]
 [8878.629 ]
 [8835.935 ]
 [8730.832 ]
 [8625.729 ]
 [8520.622 ]
 [8415.52  ]
 [8310.416 ]
 [8205.3125]
 [8100.21  ]
 [7995.1064]
 [7890.0015]
 [7784.8965]
 [7679.794 ]
 [7574.691 ]
 [7469.588 ]
 [7364.4824]
 [7259.3774]
 [7156.495 ]
 [7053.619 ]
 [6950.742 ]
 [6847.865 ]
 [6744.989 ]
 [6642.111 ]
 [6539.2334]
 [6436.3574]
 [6333.4795]
 [6230.603 ]
 [6127.724 ]
 [6024.8477]
 [5921.9697]
 [5819.0923]
 [5716.216 ]
 [5613.339 ]
 [5510.4614]
 [5407.586 ]
 [5304.7075]
 [5201.8306]
 [5098.955 ]
 [5024.1626]
 [4998.604 ]
 [4973.047 ]
 [4947.4897]
 [4921.9326]
 [4896.376 ]
 [4870.8174]
 [4845.2607]
 [4819.703 ]
 [4794.146 ]
 [4768.5894]
 [4743.032 ]
 [4717.474 ]
 [4691.917 ]
 [4666.36  ]
 [4640.803 ]
 [4615.2456]
 [4589.6885]
 [4564.13  ]
 [4538.5737]
 [4513.016 ]
 [4487.46  ]
 [4461.9023]
 [4436.3447]
 [4410.787 ]
 [4385.23  ]
 [4359.673 ]
 [4334.1157]
 [4308.559 ]
 [4283.001 ]
 [4257.4434]
 [4231.8867]
 [4206.329 ]
 [4180.7725]
 [4155.215 ]
 [4129.658 ]]
ballerina/http/HttpCachingClient#forward
[[1.0622422]
 [1.0622422]
 [1.0622422]
 ...
 [1.0622422]
 [1.0622422]
 [1.0622422]]
ballerina/http/HttpCachingClient#get
[[228.71794]
 [228.71794]
 [228.71794]
 ...
 [228.71794]
 [228.71794]
 [228.71794]]
ballerina/http/HttpCachingClient#patch
[[3150.5]
 [3150.5]
 [3150.5]
 [3150.5]
 [3150.5]
 [3150.5]
 [3150.5]
 [3150.5]
 [3150.5]
 [3150.5]
 [3150.5]
 [3150.5]
 [3150.5]
 [3150.5]
 [3150.5]
 [3150.5]
 [3150.5]
 [3150.5]
 [3150.5]
 [3150.5]
 [3150.5]
 [3150.5]
 [3150.5]
 [3150.5]
 [3150.5]
 [3150.5]
 [3150.5]
 [3150.5]
 [3150.5]
 [3150.5]
 [3150.5]
 [3150.5]
 [3150.5]
 [3150.5]
 [3150.5]
 [3150.5]
 [3150.5]
 [3150.5]
 [3150.5]
 [3150.5]
 [3150.5]
 [3150.5]
 [3150.5]
 [3150.5]
 [3150.5]
 [3150.5]
 [3150.5]
 [3150.5]
 [3150.5]
 [3150.5]
 [3150.5]
 [3150.5]
 [3150.5]
 [3150.5]
 [3150.5]
 [3150.5]
 [3150.5]
 [3150.5]
 [3150.5]
 [3150.5]
 [3150.5]
 [3150.5]
 [3150.5]
 [3150.5]
 [3150.5]
 [3150.5]
 [3150.5]
 [3150.5]
 [3150.5]
 [3150.5]
 [3150.5]
 [3150.5]
 [3150.5]
 [3150.5]
 [3150.5]
 [3150.5]
 [3150.5]
 [3150.5]
 [3150.5]
 [3150.5]
 [3150.5]
 [3150.5]
 [3150.5]
 [3150.5]
 [3150.5]
 [3150.5]
 [3150.5]
 [3150.5]
 [3150.5]
 [3150.5]
 [3150.5]
 [3150.5]
 [3150.5]
 [3150.5]
 [3150.5]
 [3150.5]
 [3150.5]
 [3150.5]
 [3150.5]
 [3150.5]
 [3150.5]
 [3150.5]
 [3150.5]
 [3150.5]
 [3150.5]
 [3150.5]
 [3150.5]
 [3150.5]
 [3150.5]
 [3150.5]
 [3150.5]
 [3150.5]
 [3150.5]
 [3150.5]
 [3150.5]
 [3150.5]
 [3150.5]
 [3150.5]
 [3150.5]
 [3150.5]
 [3150.5]
 [3150.5]
 [3150.5]
 [3150.5]
 [3150.5]
 [3150.5]
 [3150.5]
 [3150.5]
 [3150.5]
 [3150.5]
 [3150.5]
 [3150.5]
 [3150.5]
 [3150.5]
 [3150.5]
 [3150.5]
 [3150.5]
 [3150.5]
 [3150.5]
 [3150.5]
 [3150.5]
 [3150.5]]
ballerina/http/HttpCachingClient#post
[[  3.289463 ]
 [  3.2894657]
 [  3.2894657]
 ...
 [286.98376  ]
 [287.0505   ]
 [287.11728  ]]
ballerina/http/HttpClient#delete
[[ 239.17947]
 [ 239.17947]
 [ 254.95401]
 [ 323.96967]
 [ 392.98538]
 [ 462.00113]
 [ 531.0168 ]
 [ 600.0325 ]
 [ 669.0481 ]
 [ 738.06384]
 [ 807.07947]
 [ 876.0952 ]
 [ 945.11084]
 [1014.12646]
 [1083.1422 ]
 [1152.1578 ]
 [1221.1736 ]
 [1290.1893 ]
 [1359.205  ]
 [1428.2207 ]
 [1497.2365 ]
 [1566.2521 ]
 [1635.2678 ]
 [1704.2836 ]
 [1835.3759 ]
 [1978.0946 ]
 [2120.8135 ]
 [2263.5325 ]
 [2406.251  ]
 [2548.9702 ]
 [2691.6887 ]
 [2834.4075 ]
 [2977.1262 ]
 [3119.8455 ]
 [3262.564  ]
 [3405.2825 ]
 [3548.0015 ]
 [3690.7202 ]
 [3833.4392 ]
 [3976.1577 ]
 [4118.877  ]
 [4261.595  ]
 [4404.314  ]
 [4547.033  ]
 [4689.752  ]
 [4832.471  ]
 [4975.19   ]
 [5111.9834 ]
 [5155.229  ]
 [5198.4746 ]
 [5241.72   ]
 [5284.966  ]
 [5328.211  ]
 [5371.457  ]
 [5414.7026 ]
 [5457.9478 ]
 [5501.195  ]
 [5544.4404 ]
 [5587.6855 ]
 [5630.932  ]
 [5674.1772 ]
 [5717.4233 ]
 [5760.668  ]
 [5803.914  ]
 [5847.159  ]
 [5890.406  ]
 [5933.651  ]
 [5976.897  ]
 [6020.1436 ]
 [6063.3887 ]
 [6106.635  ]
 [6149.881  ]
 [6193.1265 ]
 [6236.372  ]
 [6279.6177 ]
 [6322.863  ]
 [6366.1084 ]
 [6409.3555 ]
 [6452.6006 ]
 [6495.846  ]
 [6539.0923 ]
 [6582.3374 ]
 [6625.5835 ]
 [6668.829  ]
 [6712.0747 ]
 [6755.32   ]
 [6798.5654 ]
 [6841.811  ]
 [6885.058  ]
 [6928.3037 ]
 [6971.5493 ]
 [7014.7944 ]
 [7058.041  ]
 [7108.1885 ]
 [7171.7583 ]
 [7235.3267 ]
 [7298.895  ]]
ballerina/http/HttpClient#forward
[[2.913706]
 [2.913706]
 [2.913706]
 ...
 [2.913706]
 [2.913706]
 [2.913706]]
ballerina/http/HttpClient#get
[[ 221.642 ]
 [ 221.642 ]
 [ 221.642 ]
 ...
 [5909.1787]
 [5909.249 ]
 [5909.317 ]]
ballerina/http/HttpClient#patch
[[1496.6166]
 [1487.6921]
 [1478.7677]
 [1469.8434]
 [1460.9187]
 [1451.9943]
 [1443.0698]
 [1434.7782]
 [1440.421 ]
 [1463.8835]
 [1492.2056]
 [1520.5273]
 [1548.8492]
 [1577.1711]
 [1605.4929]
 [1633.8148]
 [1662.1367]
 [1690.4586]
 [1718.7805]
 [1747.1023]
 [1775.4243]
 [1803.7462]
 [1832.0681]
 [1860.3899]
 [1888.7117]
 [1917.0336]
 [1945.3555]
 [1973.6775]
 [2001.9993]
 [2030.3212]
 [2058.6428]
 [2086.9648]
 [2115.2866]
 [2143.6086]
 [2171.9304]
 [2200.2522]
 [2228.5745]
 [2256.896 ]
 [2285.2183]
 [2313.54  ]
 [2341.8618]
 [2370.1836]
 [2398.5056]
 [2426.8274]
 [2455.1494]
 [2483.4712]
 [2511.793 ]
 [2540.1147]
 [2568.4368]
 [2596.7588]
 [2625.0806]
 [2653.402 ]
 [2681.7244]
 [2710.0464]
 [2738.368 ]
 [2766.6897]
 [2795.012 ]
 [2823.3337]
 [2851.6558]
 [2879.9773]
 [2908.2993]
 [2936.6213]
 [2964.943 ]
 [2993.265 ]
 [3021.5867]
 [3049.9087]
 [3078.2302]
 [3106.5525]
 [3134.8745]
 [3163.1963]
 [3191.518 ]
 [3219.84  ]
 [3248.162 ]
 [3276.4836]
 [3304.8057]
 [3333.1274]
 [3361.449 ]
 [3389.7715]
 [3438.8335]
 [3534.7893]
 [3630.7454]
 [3726.7026]
 [3822.6584]
 [3918.6145]
 [4014.571 ]
 [4110.528 ]
 [4206.484 ]
 [4302.4404]
 [4398.397 ]
 [4494.3535]
 [4590.31  ]
 [4686.2666]
 [4782.2227]
 [4878.179 ]
 [4943.986 ]
 [4962.555 ]
 [4981.125 ]
 [4999.695 ]
 [5018.2646]
 [5036.834 ]
 [5055.404 ]
 [5073.973 ]
 [5091.935 ]
 [5108.407 ]
 [5124.88  ]
 [5141.3525]
 [5157.8247]
 [5174.298 ]
 [5190.7695]
 [5207.2427]
 [5223.7153]
 [5240.187 ]
 [5256.6597]
 [5273.1323]
 [5289.605 ]
 [5306.077 ]
 [5322.55  ]
 [5339.0225]
 [5355.495 ]
 [5371.967 ]
 [5388.4404]
 [5404.912 ]
 [5421.385 ]
 [5437.8574]
 [5454.3296]
 [5470.8022]
 [5487.2744]
 [5503.7476]
 [5520.22  ]
 [5536.6924]
 [5553.1646]
 [5569.6377]
 [5586.11  ]
 [5602.582 ]
 [5619.054 ]
 [5635.528 ]
 [5651.9995]
 [5668.472 ]
 [5684.9443]
 [5701.4175]
 [5717.8887]
 [5734.3623]]
ballerina/http/HttpClient#post
[[3.5208917]
 [3.5208917]
 [3.5208917]
 ...
 [3.5208917]
 [3.5208917]
 [3.5208917]]
ballerina/http/HttpSecureClient#delete
[[1057.1014]
 [1055.1047]
 [1053.1082]
 [1052.5714]
 [1053.1277]
 [1053.6841]
 [1054.2405]
 [1054.797 ]
 [1055.3533]
 [1100.817 ]
 [1184.1575]
 [1270.8818]
 [1357.6061]
 [1444.3306]
 [1531.0548]
 [1617.7792]
 [1704.5034]
 [1791.2279]
 [1877.9521]
 [1964.6765]
 [2051.401 ]
 [2138.125 ]
 [2224.8494]
 [2311.5737]
 [2398.298 ]
 [2485.0222]
 [2571.7468]
 [2658.4712]
 [2914.1445]
 [3201.876 ]
 [3464.1182]
 [3535.0547]
 [3605.9915]
 [3676.928 ]
 [3747.8647]
 [3818.8015]
 [3889.738 ]
 [3960.6743]
 [4031.6113]
 [4102.548 ]
 [4173.5615]
 [4244.5845]
 [4315.6064]
 [4389.85  ]
 [4476.6343]
 [4563.4194]
 [4650.2046]
 [4736.9897]
 [4823.7744]
 [4910.559 ]
 [4997.344 ]
 [5084.13  ]
 [5170.9146]
 [5257.699 ]
 [5344.4844]
 [5431.269 ]
 [5518.0537]
 [5604.8384]
 [5691.6245]
 [5778.409 ]
 [5865.194 ]
 [5951.9785]
 [6038.7646]
 [6125.5493]
 [6212.335 ]
 [6299.1196]
 [6385.9033]
 [6472.6895]
 [6559.474 ]
 [6646.259 ]
 [6733.0435]
 [6819.8296]
 [6906.6133]
 [6993.399 ]
 [7080.1836]
 [7166.9683]
 [7253.7534]
 [7340.539 ]
 [7427.3237]
 [7514.1084]
 [7600.8936]
 [7687.678 ]
 [7774.464 ]
 [7861.2476]
 [7948.0337]
 [8034.8184]
 [8121.603 ]
 [8208.389 ]
 [8295.174 ]
 [8381.959 ]
 [8468.744 ]
 [8555.529 ]
 [8642.3125]
 [8729.099 ]
 [8815.882 ]
 [8902.668 ]
 [8989.454 ]
 [9076.237 ]
 [9140.728 ]
 [9098.031 ]
 [9031.518 ]
 [8965.003 ]
 [8898.49  ]
 [8831.976 ]
 [8765.461 ]
 [8698.948 ]
 [8632.435 ]
 [8565.919 ]
 [8499.406 ]
 [8432.893 ]
 [8366.379 ]
 [8299.864 ]
 [8233.351 ]
 [8166.8384]
 [8100.3237]
 [8033.81  ]
 [7967.2964]
 [7900.781 ]
 [7834.2695]
 [7767.755 ]
 [7701.241 ]
 [7634.7275]
 [7568.2114]
 [7501.7   ]
 [7435.1865]
 [7368.671 ]
 [7302.157 ]
 [7235.6426]
 [7169.1323]
 [7102.6177]
 [7036.1025]
 [6969.5894]
 [6903.0757]
 [6836.562 ]
 [6770.0474]
 [6703.5337]
 [6637.02  ]
 [6570.5063]
 [6503.9927]
 [6437.4805]
 [6370.9644]
 [6304.4497]
 [6237.9385]
 [6171.424 ]
 [6104.91  ]
 [6038.3965]
 [5971.881 ]
 [5905.369 ]
 [5838.8545]
 [5772.34  ]
 [5705.826 ]
 [5639.3125]
 [5572.7993]
 [5506.2837]
 [5439.771 ]
 [5373.257 ]
 [5306.7446]
 [5240.23  ]
 [5173.717 ]
 [5107.203 ]
 [5040.689 ]
 [4974.1753]
 [4907.6606]
 [4841.1475]
 [4774.6323]
 [4708.119 ]
 [4641.606 ]
 [4575.091 ]
 [4508.578 ]
 [4442.064 ]
 [4375.55  ]
 [4309.037 ]
 [4242.523 ]
 [4176.01  ]
 [4109.4937]
 [4042.9802]
 [3976.4683]
 [3909.9546]
 [3843.439 ]
 [3776.9258]
 [3710.4111]
 [3643.8992]
 [3577.384 ]
 [3510.871 ]
 [3444.3574]
 [3377.8435]
 [3311.33  ]
 [3244.8152]
 [3178.3032]
 [3111.7874]]
ballerina/http/HttpSecureClient#get
[[ 509.316  ]
 [ 511.18622]
 [ 513.05634]
 [ 514.9265 ]
 [ 516.7966 ]
 [ 518.66675]
 [ 535.505  ]
 [ 612.0991 ]
 [ 748.3135 ]
 [ 813.43066]
 [ 990.48676]
 [1116.5005 ]
 [1229.0084 ]
 [1276.93   ]
 [1324.8518 ]
 [1372.7734 ]
 [1422.8468 ]
 [1473.3708 ]
 [1523.895  ]
 [1574.4191 ]
 [1624.9431 ]
 [1675.467  ]
 [1725.9911 ]
 [1776.5151 ]
 [1827.0392 ]
 [1877.5632 ]
 [1928.0872 ]
 [1978.6112 ]
 [2029.1353 ]
 [2079.6592 ]
 [2130.1833 ]
 [2180.7073 ]
 [2231.2314 ]
 [2281.7554 ]
 [2332.2793 ]
 [2382.8035 ]
 [2433.3274 ]
 [2483.8516 ]
 [2534.3755 ]
 [2584.8994 ]
 [2635.4238 ]
 [2685.9475 ]
 [2736.4717 ]
 [2786.9956 ]
 [2837.5193 ]
 [2888.0437 ]
 [2938.5676 ]
 [2989.0916 ]
 [3039.6155 ]
 [3090.1396 ]
 [3076.7725 ]
 [3027.5688 ]
 [2978.365  ]
 [2929.1611 ]
 [2879.957  ]
 [2830.753  ]
 [2781.549  ]
 [2732.3452 ]
 [2683.1416 ]
 [2633.9377 ]
 [2584.734  ]
 [2535.5303 ]
 [2486.3264 ]
 [2437.1226 ]
 [2387.9185 ]
 [2338.7144 ]
 [2289.5107 ]
 [2240.3066 ]
 [2191.1028 ]
 [2141.8992 ]
 [2092.695  ]
 [2043.4918 ]
 [1994.2877 ]
 [1945.0841 ]
 [1895.7937 ]
 [1846.4977 ]
 [1797.2013 ]
 [1747.905  ]]
ballerina/http/HttpSecureClient#patch
[[1437.8285]
 [1437.1827]
 [1436.5371]
 [1435.8914]
 [1435.2842]
 [1434.7909]
 [1434.2977]
 [1433.8046]
 [1433.7906]
 [1433.7906]
 [1444.9525]
 [1466.8168]
 [1488.681 ]
 [1510.5454]
 [1537.2781]
 [1565.6973]
 [1594.1166]
 [1622.5358]
 [1650.955 ]
 [1680.8583]
 [1711.1074]
 [1741.3566]
 [1771.6057]
 [1801.8549]
 [1832.1039]
 [1862.3531]
 [1892.6022]
 [1923.0266]
 [1953.4822]
 [1983.9377]
 [2014.56  ]
 [2045.3705]
 [2076.1807]
 [2106.991 ]
 [2137.8013]
 [2168.6116]
 [2199.4219]
 [2230.2324]
 [2261.0427]
 [2291.853 ]
 [2322.663 ]
 [2353.4736]
 [2384.284 ]
 [2415.094 ]
 [2445.9043]
 [2476.7146]
 [2507.5251]
 [2538.3354]
 [2569.1455]
 [2599.956 ]
 [2630.7664]
 [2661.577 ]
 [2692.387 ]
 [2723.197 ]
 [2754.0076]
 [2784.8179]
 [2815.628 ]
 [2846.4385]
 [2877.2485]
 [2908.0593]
 [2938.8694]
 [2969.6794]
 [3000.49  ]
 [3031.3005]
 [3062.1108]
 [3092.921 ]
 [3123.7314]
 [3154.5417]
 [3185.3518]
 [3216.1624]
 [3246.9724]
 [3277.783 ]
 [3308.5933]
 [3339.4033]
 [3370.2136]
 [3401.024 ]
 [3431.8342]
 [3462.6448]
 [3493.455 ]
 [3524.2654]
 [3555.0754]
 [3585.886 ]
 [3616.6963]
 [3647.5066]
 [3678.3167]
 [3709.1272]
 [3739.9375]
 [3770.7478]
 [3801.5579]
 [3832.3684]
 [3863.1787]
 [3893.9895]
 [3924.799 ]
 [3955.6099]
 [3986.4202]
 [4017.2305]
 [4048.0405]
 [4078.851 ]
 [4109.6616]
 [4140.4717]
 [4171.2817]
 [4199.6157]
 [4226.603 ]
 [4253.591 ]
 [4280.5776]
 [4307.565 ]
 [4334.553 ]
 [4361.5405]
 [4388.528 ]
 [4415.515 ]
 [4442.5024]
 [4469.4897]
 [4496.4775]
 [4523.465 ]
 [4550.452 ]
 [4577.4395]
 [4604.4272]
 [4631.415 ]
 [4658.402 ]
 [4685.3896]
 [4712.377 ]
 [4739.3647]
 [4766.352 ]
 [4793.339 ]
 [4820.326 ]
 [4847.3145]
 [4874.302 ]
 [4901.289 ]
 [4928.2764]
 [4955.2637]
 [4982.2515]
 [5009.239 ]
 [5036.2266]
 [5063.2134]
 [5090.2007]
 [5117.189 ]
 [5144.1763]
 [5171.163 ]
 [5198.151 ]
 [5225.138 ]
 [5252.126 ]
 [5279.114 ]]
ballerina/http/HttpSecureClient#post
[[1460.7155]
 [1459.0874]
 [1457.4595]
 [1455.8314]
 [1454.634 ]
 [1454.634 ]
 [1454.634 ]
 [1463.5671]
 [1478.2838]
 [1494.5602]
 [1510.9049]
 [1527.2496]
 [1543.5945]
 [1559.9392]
 [1576.2839]
 [1592.6287]
 [1608.9735]
 [1625.3182]
 [1641.663 ]
 [1658.0077]
 [1674.3524]
 [1690.6973]
 [1707.042 ]
 [1723.3867]
 [1739.7316]
 [1756.0762]
 [1772.421 ]
 [1788.7657]
 [1805.1105]
 [1821.4553]
 [1837.8   ]
 [1854.1448]
 [1870.4896]
 [1886.8344]
 [1903.1791]
 [1919.5238]
 [1935.8685]
 [1952.2134]
 [1968.5581]
 [1984.9028]
 [2001.2476]
 [2017.5923]
 [2033.9373]
 [2050.2817]
 [2066.6267]
 [2082.9714]
 [2099.3162]
 [2115.661 ]
 [2132.0056]
 [2148.3503]
 [2164.695 ]
 [2181.0398]
 [2197.3848]
 [2213.7292]
 [2230.0742]
 [2246.419 ]
 [2262.764 ]
 [2279.1084]
 [2295.4531]
 [2311.7979]
 [2328.1428]
 [2344.4873]
 [2360.8323]
 [2377.1768]
 [2393.5217]
 [2409.8665]
 [2426.2114]
 [2442.556 ]
 [2458.901 ]
 [2475.2454]
 [2491.5903]
 [2507.9348]
 [2524.2798]
 [2540.6243]
 [2556.9695]
 [2573.314 ]
 [2576.6606]
 [2575.0925]
 [2573.5244]
 [2571.9565]
 [2570.3884]
 [2568.8206]
 [2567.253 ]
 [2565.6846]
 [2534.6672]
 [2489.644 ]
 [2444.621 ]
 [2399.598 ]
 [2354.5754]
 [2309.5522]
 [2264.5295]
 [2219.5063]
 [2174.4836]
 [2129.4604]
 [2084.4373]
 [2039.4144]
 [1994.3915]
 [1949.3685]
 [1904.3455]
 [1859.3226]
 [1814.2998]
 [1769.2766]
 [1724.2535]
 [1679.231 ]
 [1634.208 ]
 [1589.1847]
 [1544.1617]
 [1499.1389]
 [1454.634 ]
 [1454.634 ]
 [1454.634 ]
 [1454.634 ]
 [1454.634 ]
 [1454.634 ]
 [1454.634 ]
 [1454.634 ]
 [1454.634 ]
 [1454.634 ]
 [1454.634 ]
 [1454.634 ]
 [1454.634 ]
 [1454.634 ]
 [1454.634 ]
 [1454.634 ]
 [1454.634 ]
 [1454.634 ]
 [1454.634 ]
 [1454.634 ]
 [1454.634 ]
 [1454.634 ]
 [1454.634 ]
 [1454.634 ]
 [1454.634 ]
 [1454.634 ]
 [1454.634 ]
 [1454.634 ]
 [1454.634 ]
 [1454.634 ]
 [1454.634 ]
 [1454.634 ]
 [1454.634 ]
 [1454.634 ]
 [1454.634 ]
 [1454.634 ]
 [1454.634 ]
 [1454.634 ]
 [1454.634 ]
 [1454.634 ]
 [1454.634 ]
 [1454.634 ]
 [1454.634 ]
 [1454.634 ]
 [1454.634 ]
 [1454.634 ]
 [1454.634 ]
 [1454.634 ]
 [1454.634 ]
 [1454.634 ]
 [1454.634 ]
 [1454.634 ]
 [1454.634 ]
 [1454.634 ]
 [1454.634 ]
 [1454.634 ]
 [1454.634 ]
 [1454.634 ]
 [1454.634 ]
 [1454.634 ]
 [1454.634 ]
 [1454.634 ]
 [1454.634 ]
 [1454.634 ]
 [1454.634 ]
 [1454.634 ]
 [1454.634 ]
 [1454.634 ]
 [1454.634 ]
 [1454.634 ]
 [1454.634 ]
 [1454.634 ]
 [1454.634 ]
 [1454.634 ]
 [1454.634 ]
 [1454.634 ]
 [1454.634 ]
 [1454.634 ]
 [1454.634 ]
 [1454.634 ]
 [1454.634 ]
 [1454.634 ]
 [1454.634 ]
 [1454.634 ]
 [1454.634 ]
 [1454.634 ]
 [1454.634 ]
 [1454.634 ]
 [1454.634 ]
 [1454.634 ]
 [1454.634 ]
 [1454.634 ]
 [1454.634 ]
 [1454.634 ]
 [1454.634 ]
 [1454.634 ]
 [1454.634 ]
 [1454.634 ]
 [1454.634 ]
 [1454.634 ]
 [1454.634 ]
 [1454.634 ]
 [1454.634 ]
 [1454.634 ]
 [1454.634 ]
 [1454.634 ]
 [1454.634 ]
 [1454.634 ]
 [1454.634 ]
 [1454.634 ]
 [1454.634 ]
 [1454.634 ]
 [1454.634 ]
 [1454.634 ]
 [1454.634 ]
 [1454.634 ]
 [1454.634 ]
 [1454.634 ]
 [1454.634 ]
 [1454.634 ]
 [1454.634 ]
 [1454.634 ]
 [1454.634 ]
 [1454.634 ]
 [1454.634 ]
 [1454.634 ]
 [1454.634 ]
 [1454.634 ]
 [1454.634 ]
 [1454.634 ]
 [1454.634 ]
 [1454.634 ]
 [1454.634 ]
 [1454.634 ]
 [1454.634 ]
 [1454.634 ]
 [1454.634 ]
 [1454.634 ]
 [1454.634 ]
 [1454.634 ]
 [1456.0577]
 [1457.5261]
 [1458.9945]
 [1460.4629]
 [1461.9313]
 [1463.3998]
 [1464.8682]
 [1466.3367]
 [1467.8049]
 [1469.2734]
 [1470.742 ]
 [1472.2102]
 [1473.6787]
 [1475.1471]
 [1476.6155]
 [1478.0839]
 [1479.5524]
 [1481.0208]
 [1482.4891]
 [1483.9575]
 [1485.426 ]
 [1486.8944]
 [1488.3628]
 [1489.8313]
 [1491.2996]
 [1492.7681]
 [1494.2365]
 [1495.705 ]
 [1497.1732]
 [1498.6417]
 [1500.1102]
 [1501.5785]
 [1503.047 ]
 [1504.5154]
 [1505.9839]
 [1507.4521]
 [1508.9207]
 [1510.389 ]
 [1511.8574]
 [1513.3258]
 [1514.7943]
 [1516.2626]
 [1517.7311]
 [1519.1996]
 [1520.6678]
 [1522.1364]
 [1523.6047]
 [1525.0732]
 [1526.5415]
 [1528.01  ]
 [1529.4785]
 [1530.9468]
 [1532.4153]
 [1533.8837]
 [1535.3522]
 [1536.8204]
 [1538.289 ]
 [1539.7574]
 [1541.2257]
 [1542.6941]
 [1544.1626]
 [1545.6309]
 [1547.0994]
 [1548.5679]
 [1550.0361]
 [1551.5046]
 [1552.973 ]
 [1554.4415]
 [1555.9098]
 [1557.3783]
 [1558.8467]
 [1560.3151]
 [1561.7834]
 [1563.252 ]
 [1564.7205]
 [1566.1887]
 [1567.6572]
 [1569.1256]
 [1570.594 ]
 [1572.0625]
 [1573.5309]
 [1574.9993]
 [1576.4677]
 [1577.9362]
 [1579.4045]
 [1580.8729]
 [1582.3413]
 [1583.8098]
 [1585.2781]
 [1586.7466]
 [1588.215 ]
 [1589.6833]
 [1591.1517]
 [1592.6202]
 [1594.0887]
 [1595.557 ]
 [1597.0255]
 [1598.4939]
 [1599.9623]
 [1601.4307]
 [1602.8992]
 [1604.3674]
 [1605.8359]
 [1607.3043]
 [1608.7728]
 [1610.2412]
 [1611.7096]
 [1613.1781]
 [1614.6465]
 [1616.1149]
 [1617.5833]
 [1619.0516]
 [1620.52  ]
 [1621.9885]
 [1623.457 ]
 [1624.9253]
 [1626.3938]
 [1627.8622]
 [1629.3306]
 [1630.799 ]
 [1632.2675]
 [1633.736 ]
 [1635.2042]
 [1636.6727]
 [1638.1411]
 [1639.6095]
 [1641.0779]
 [1642.5464]
 [1644.0146]
 [1645.4832]
 [1646.9515]
 [1648.4199]
 [1649.8883]
 [1651.3568]
 [1652.8253]
 [1654.2936]
 [1655.7621]
 [1657.2306]
 [1658.6989]
 [1660.1672]
 [1661.6357]
 [1663.104 ]
 [1664.5725]
 [1666.041 ]
 [1667.5094]]
ballerina/http/RedirectClient#delete
[[4518.309 ]
 [4494.948 ]
 [4471.5874]
 [4448.2266]
 [4424.865 ]
 [4401.5044]
 [4378.1436]
 [4354.7827]
 [4331.422 ]
 [4308.0605]
 [4284.6997]
 [4261.339 ]
 [4237.9775]
 [4214.6167]
 [4191.256 ]
 [4175.9126]
 [4175.9126]
 [4175.9126]
 [4175.9126]
 [4175.9126]
 [4175.9126]
 [4175.9126]
 [4175.9126]
 [4175.9126]
 [4175.9126]
 [4175.9126]
 [4175.9126]
 [4175.9126]
 [4175.9126]
 [4175.9126]
 [4175.9126]
 [4175.9126]
 [4175.9126]
 [4175.9126]
 [4175.9126]
 [4175.9126]
 [4175.9126]
 [4175.9126]
 [4175.9126]
 [4175.9126]
 [4175.9126]
 [4175.9126]
 [4175.9126]
 [4175.9126]
 [4175.9126]
 [4175.9126]
 [4175.9126]
 [4175.9126]
 [4175.9126]
 [4175.9126]
 [4175.9126]
 [4175.9126]
 [4175.9126]
 [4175.9126]
 [4175.9126]
 [4175.9126]
 [4175.9126]
 [4175.9126]
 [4175.9126]
 [4175.9126]
 [4175.9126]
 [4175.9126]
 [4175.9126]
 [4175.9126]
 [4175.9126]
 [4175.9126]
 [4175.9126]
 [4175.9126]
 [4175.9126]
 [4175.9126]
 [4175.9126]
 [4175.9126]
 [4175.9126]
 [4175.9126]
 [4175.9126]
 [4175.9126]
 [4175.9126]
 [4175.9126]
 [4175.9126]
 [4175.9126]
 [4175.9126]
 [4175.9126]
 [4175.9126]
 [4175.9126]
 [4175.9126]
 [4175.9126]
 [4175.9126]
 [4175.9126]
 [4175.9126]
 [4175.9126]]
ballerina/http/RedirectClient#patch
[[1278.0299]
 [1280.5741]
 [1283.1188]
 [1285.6632]
 [1288.2074]
 [1290.7518]
 [1292.8499]
 [1291.6266]
 [1293.9788]
 [1310.4053]
 [1326.2494]
 [1341.9955]
 [1357.6493]
 [1373.3032]
 [1388.9569]
 [1404.6106]
 [1420.2645]
 [1435.9182]
 [1451.5721]
 [1467.226 ]
 [1482.8796]
 [1498.5336]
 [1520.4247]
 [1548.1505]
 [1575.8762]
 [1609.788 ]
 [1697.933 ]
 [1786.078 ]
 [1874.2234]
 [1962.3687]
 [2050.514 ]
 [2138.6592]
 [2226.804 ]
 [2314.9495]
 [2403.0945]
 [2491.24  ]
 [2579.385 ]
 [2667.5303]
 [2755.6753]
 [2843.821 ]
 [2931.9658]
 [3020.111 ]
 [3108.256 ]
 [3196.4014]
 [3284.5466]
 [3372.6917]
 [3460.8376]
 [3548.9824]
 [3637.1274]
 [3725.2727]
 [3813.418 ]
 [3901.563 ]
 [3989.7083]
 [4021.4534]
 [4030.1736]
 [4038.8936]
 [4047.6135]
 [4056.334 ]
 [4065.054 ]
 [4073.7742]
 [4082.4941]
 [4091.2144]
 [4099.934 ]
 [4108.6543]
 [4117.3745]
 [4126.0947]
 [4134.815 ]
 [4143.5347]
 [4152.255 ]
 [4160.975 ]
 [4169.695 ]
 [4178.415 ]
 [4187.1353]
 [4195.8555]
 [4204.575 ]
 [4213.2954]
 [4222.0156]
 [4230.736 ]
 [4239.4556]
 [4248.176 ]
 [4256.896 ]
 [4265.6157]
 [4274.3364]
 [4283.056 ]
 [4291.7764]
 [4300.4966]
 [4309.217 ]
 [4317.9365]
 [4326.6567]
 [4335.377 ]
 [4344.097 ]
 [4352.817 ]
 [4361.537 ]
 [4370.2573]
 [4378.977 ]
 [4387.6973]
 [4396.4175]
 [4405.1377]
 [4413.8574]
 [4422.5776]
 [4431.298 ]
 [4440.018 ]
 [4448.738 ]
 [4457.458 ]
 [4466.178 ]
 [4474.8984]
 [4483.618 ]
 [4492.3384]
 [4501.0586]
 [4509.7783]
 [4518.4985]
 [4527.2188]
 [4535.939 ]
 [4544.659 ]
 [4553.379 ]
 [4562.0986]
 [4570.82  ]
 [4579.5396]
 [4588.26  ]
 [4596.98  ]
 [4605.7   ]
 [4614.42  ]
 [4623.14  ]
 [4631.8604]
 [4640.58  ]
 [4649.3003]
 [4658.0205]
 [4666.74  ]
 [4675.4604]
 [4684.1807]
 [4692.9004]
 [4701.6206]
 [4710.341 ]
 [4719.061 ]
 [4727.7812]
 [4736.501 ]
 [4745.2207]
 [4753.941 ]
 [4762.661 ]
 [4771.3813]
 [4780.1016]
 [4788.8213]]
ballerina/http/RedirectClient#post
[[3380.5928]
 [3382.4187]
 [3384.2444]
 [3386.0703]
 [3387.8962]
 [3389.1252]
 [3389.1252]
 [3389.1252]
 [3389.1252]
 [3389.1252]
 [3389.1252]
 [3389.1252]
 [3389.1252]
 [3389.1252]
 [3389.1252]
 [3389.1252]
 [3389.1252]
 [3389.1252]
 [3389.1252]
 [3389.1252]
 [3389.1252]
 [3389.1252]
 [3389.1252]
 [3389.1252]
 [3389.1252]
 [3389.1252]
 [3389.1252]
 [3389.1252]
 [3389.1252]
 [3389.1252]
 [3389.1252]
 [3389.1252]
 [3389.1252]
 [3389.1252]
 [3389.1252]
 [3389.1252]
 [3389.1252]
 [3389.1252]
 [3389.1252]
 [3389.1252]
 [3389.1252]
 [3389.1252]
 [3389.1252]
 [3389.1252]
 [3389.1252]
 [3389.1252]
 [3389.1252]
 [3389.1252]
 [3389.1252]
 [3389.1252]
 [3389.1252]
 [3389.1252]
 [3389.1252]
 [3389.1252]
 [3389.1252]
 [3389.1252]
 [3389.1252]
 [3389.1252]
 [3389.1252]
 [3389.1252]
 [3389.1252]
 [3389.1252]
 [3389.1252]
 [3389.1252]
 [3389.1252]
 [3389.1252]
 [3389.1252]
 [3389.1252]
 [3389.1252]
 [3389.1252]
 [3389.1252]
 [3389.1252]
 [3389.1252]
 [3389.1252]
 [3389.1252]
 [3389.1252]
 [3389.1252]
 [3389.1252]
 [3389.1252]
 [3389.1252]
 [3389.1252]
 [3389.1252]
 [3389.1252]
 [3389.1252]
 [3389.1252]
 [3389.1252]
 [3389.1252]
 [3389.1252]
 [3389.1252]
 [3389.1252]
 [3389.1252]
 [3389.1252]
 [3389.1252]
 [3389.1252]
 [3389.1252]
 [3389.1252]
 [3389.1252]
 [3389.1252]
 [3389.1252]
 [3389.1252]
 [3389.1252]
 [3389.1252]
 [3389.1252]
 [3389.1252]
 [3389.1252]
 [3389.1252]
 [3389.1252]
 [3389.1252]
 [3389.1252]
 [3389.1252]
 [3389.1252]
 [3389.1252]
 [3389.1252]
 [3389.1252]
 [3389.1252]
 [3389.1252]
 [3389.1252]
 [3389.1252]
 [3389.1252]
 [3389.1252]
 [3389.1252]
 [3389.1252]
 [3389.1252]
 [3389.1252]
 [3389.1252]
 [3389.1252]
 [3389.1252]
 [3389.1252]
 [3389.1252]
 [3389.1252]
 [3389.1252]
 [3389.1252]
 [3389.1252]
 [3389.1252]
 [3389.1252]
 [3389.1252]
 [3389.1252]
 [3389.1252]
 [3389.1252]
 [3389.1252]
 [3389.1252]
 [3389.1252]
 [3389.1252]
 [3389.1252]
 [3389.1252]
 [3389.1252]
 [3389.1252]
 [3389.1252]
 [3389.1252]
 [3389.1252]
 [3389.1252]
 [3389.1252]
 [3389.1252]
 [3389.1252]
 [3389.1252]
 [3389.1252]
 [3389.1252]]
ballerinax/microsoft_sheets/MsSpreadsheetClient#openWorkbook
[[   2.4472475]
 [ 105.21279  ]
 [ 210.54549  ]
 [ 315.87817  ]
 [ 421.21085  ]
 [ 526.5436   ]
 [ 631.8764   ]
 [ 737.20905  ]
 [ 842.5418   ]
 [ 947.8746   ]
 [1053.2072   ]]
ballerinax/microsoft_sheets/Workbook#createWorksheet
[[1033.7468]
 [1049.1042]
 [1068.9447]
 [1088.785 ]
 [1108.6254]
 [1128.4657]
 [1159.7365]
 [1194.551 ]
 [1215.7048]
 [1231.5354]
 [1247.3658]
 [1263.1962]
 [1279.0267]
 [1294.857 ]
 [1310.6875]
 [1326.5178]
 [1342.3483]
 [1358.1786]
 [1374.009 ]
 [1389.8395]
 [1405.6699]
 [1421.5002]
 [1437.3307]
 [1453.161 ]
 [1468.9916]
 [1484.822 ]
 [1500.6523]
 [1516.4827]
 [1532.3131]
 [1548.1434]
 [1563.9739]
 [1579.8042]
 [1595.6348]
 [1611.4652]
 [1627.2957]
 [1643.1261]
 [1658.9564]
 [1674.787 ]
 [1690.6174]
 [1706.4476]
 [1722.278 ]
 [1738.1085]
 [1753.9388]
 [1769.7693]
 [1785.5999]
 [1801.4302]
 [1817.2606]
 [1833.091 ]
 [1848.9215]
 [1864.7517]
 [1880.582 ]
 [1896.4126]
 [1912.243 ]
 [1928.0736]
 [1943.9038]
 [1959.7343]
 [1975.5647]
 [1991.395 ]
 [2007.2255]
 [2023.0558]
 [2038.8862]
 [2054.7166]
 [2070.5469]
 [2086.3774]
 [2102.2078]
 [2118.0383]
 [2133.8687]
 [2149.699 ]
 [2165.5295]
 [2181.3599]
 [2197.1902]
 [2213.0208]
 [2228.851 ]
 [2244.6814]
 [2260.512 ]
 [2276.3423]
 [2292.1729]
 [2308.0032]
 [2323.8335]
 [2339.6643]
 [2355.4946]
 [2371.3247]
 [2387.1553]
 [2402.9858]
 [2418.8162]
 [2434.6465]
 [2450.4768]
 [2466.3074]
 [2482.138 ]
 [2497.9683]
 [2513.7986]
 [2529.629 ]
 [2545.4595]
 [2561.2898]
 [2577.12  ]
 [2592.9507]
 [2608.7812]
 [2624.6116]
 [2640.442 ]]
ballerinax/microsoft_sheets/Workbook#removeWorksheet
[[ 946.87537]
 [ 920.282  ]
 [ 893.68866]
 [ 867.09534]
 [ 840.502  ]
 [ 819.9556 ]
 [ 801.3084 ]
 [ 782.66113]
 [ 764.014  ]
 [ 762.5551 ]
 [ 762.5551 ]
 [ 787.49915]
 [ 913.24457]
 [1038.9899 ]
 [1164.7354 ]
 [1290.4807 ]
 [1416.2261 ]
 [1541.9714 ]
 [1667.7169 ]
 [1793.4622 ]
 [1919.2076 ]
 [2044.953  ]
 [2170.6982 ]
 [2296.4438 ]
 [2422.1895 ]
 [2547.9346 ]
 [2673.6802 ]
 [2799.4253 ]
 [2925.171  ]
 [3050.9163 ]
 [3176.6614 ]
 [3302.4075 ]
 [3428.1528 ]
 [3553.8982 ]
 [3679.6438 ]
 [3805.389  ]
 [3931.1343 ]
 [4056.8794 ]
 [4182.6245 ]
 [4308.37   ]
 [4434.115  ]
 [4559.861  ]
 [4685.6064 ]
 [4811.352  ]
 [4937.0977 ]
 [5062.8423 ]
 [5188.5874 ]
 [5314.333  ]
 [5440.078  ]
 [5565.824  ]
 [5691.5693 ]
 [5817.314  ]
 [5943.06   ]
 [6068.627  ]
 [6186.987  ]
 [6305.3447 ]
 [6420.1406 ]
 [6531.9106 ]
 [6560.3354 ]
 [6561.027  ]
 [6555.7544 ]
 [6540.3276 ]
 [6523.985  ]
 [6507.641  ]
 [6491.298  ]
 [6474.955  ]
 [6458.6104 ]
 [6442.2676 ]
 [6425.9243 ]
 [6409.5806 ]
 [6393.237  ]
 [6376.894  ]
 [6360.5503 ]
 [6344.2065 ]
 [6327.8633 ]
 [6311.5195 ]
 [6295.177  ]
 [6278.8335 ]
 [6262.4897 ]
 [6246.147  ]
 [6229.8037 ]
 [6213.46   ]
 [6197.116  ]
 [6180.7734 ]
 [6164.43   ]
 [6148.086  ]
 [6131.7437 ]
 [6115.4    ]
 [6099.0547 ]
 [6082.7124 ]
 [6066.369  ]
 [6050.0254 ]
 [6033.6816 ]
 [6017.339  ]
 [6000.9956 ]
 [5984.6514 ]
 [5968.3076 ]
 [5951.9653 ]
 [5935.623  ]
 [5919.278  ]
 [5902.934  ]
 [5886.592  ]
 [5870.249  ]
 [5853.9033 ]
 [5837.562  ]
 [5821.2188 ]
 [5804.873  ]
 [5788.531  ]
 [5772.1875 ]
 [5755.8438 ]
 [5739.5    ]
 [5723.1577 ]
 [5706.8135 ]
 [5690.471  ]
 [5674.127  ]
 [5657.7827 ]
 [5641.4404 ]
 [5625.097  ]
 [5608.7524 ]
 [5592.4097 ]
 [5576.0664 ]
 [5559.722  ]
 [5543.379  ]
 [5527.0366 ]
 [5510.693  ]
 [5494.3477 ]
 [5478.005  ]
 [5461.6626 ]
 [5445.3193 ]
 [5428.9756 ]
 [5412.6313 ]
 [5396.2896 ]
 [5379.946  ]
 [5363.602  ]
 [5347.2583 ]
 [5330.9155 ]
 [5314.5703 ]
 [5298.2285 ]
 [5281.884  ]
 [5265.5415 ]
 [5249.197  ]
 [5232.8545 ]
 [5216.512  ]
 [5200.168  ]
 [5183.8228 ]
 [5167.48   ]
 [5151.1377 ]
 [5134.7954 ]
 [5118.4507 ]
 [5102.1064 ]
 [5085.7627 ]
 [5069.4194 ]
 [5053.0767 ]
 [5036.733  ]
 [5020.388  ]
 [5004.0454 ]
 [4987.7017 ]
 [4971.358  ]
 [4955.0156 ]
 [4938.6724 ]
 [4922.3296 ]
 [4905.986  ]
 [4889.641  ]
 [4873.2983 ]
 [4856.9546 ]
 [4840.611  ]
 [4824.2686 ]
 [4807.9243 ]
 [4791.581  ]
 [4775.2383 ]
 [4758.893  ]
 [4742.55   ]
 [4726.2065 ]
 [4709.865  ]
 [4693.52   ]
 [4677.179  ]
 [4660.834  ]
 [4644.49   ]
 [4628.148  ]
 [4611.803  ]
 [4595.459  ]
 [4579.118  ]
 [4562.7744 ]
 [4546.4287 ]
 [4530.087  ]
 [4513.7417 ]
 [4497.4004 ]
 [4481.057  ]
 [4464.713  ]
 [4448.3706 ]]
ballerinax/microsoft_sheets/Worksheet#createTable
[[2301.8696]
 [2301.8696]
 [2301.8696]
 [2301.8696]
 [2301.8696]
 [2301.8696]
 [2301.8696]
 [2301.8696]
 [2301.8696]
 [2301.8696]
 [2301.8696]
 [2301.8696]
 [2301.8696]
 [2301.8696]
 [2301.8696]
 [2301.8696]
 [2301.8696]
 [2301.8696]
 [2301.8696]
 [2301.8696]
 [2301.8696]
 [2301.8696]
 [2301.8696]
 [2301.8696]
 [2301.8696]
 [2301.8696]
 [2301.8696]
 [2301.8696]
 [2301.8696]
 [2301.8696]
 [2301.8696]
 [2301.8696]
 [2301.8696]
 [2301.8696]
 [2301.8696]
 [2301.8696]
 [2301.8696]
 [2301.8696]
 [2301.8696]
 [2301.8696]
 [2301.8696]
 [2301.8696]
 [2301.8696]
 [2301.8696]
 [2301.8696]
 [2301.8696]
 [2301.8696]
 [2301.8696]
 [2301.8696]
 [2301.8696]
 [2301.8696]
 [2301.8696]
 [2301.8696]
 [2301.8696]
 [2301.8696]
 [2301.8696]
 [2301.8696]
 [2301.8696]
 [2301.8696]
 [2301.8696]
 [2301.8696]
 [2301.8696]
 [2301.8696]
 [2301.8696]
 [2301.8696]
 [2301.8696]
 [2301.8696]
 [2301.8696]
 [2301.8696]
 [2301.8696]
 [2301.8696]
 [2301.8696]
 [2301.8696]
 [2301.8696]
 [2301.8696]
 [2301.8696]
 [2301.8696]
 [2301.8696]
 [2301.8696]
 [2301.8696]
 [2301.8696]
 [2301.8696]
 [2301.8696]
 [2301.8696]
 [2301.8696]
 [2301.8696]
 [2301.8696]
 [2301.8696]
 [2301.8696]
 [2301.8696]
 [2301.8696]
 [2301.8696]
 [2301.8696]
 [2301.8696]
 [2301.8696]
 [2301.8696]
 [2301.8696]
 [2301.8696]
 [2301.8696]
 [2301.8696]
 [2301.8696]
 [2301.8696]
 [2301.8696]
 [2301.8696]
 [2301.8696]
 [2301.8696]
 [2301.8696]
 [2301.8696]
 [2301.8696]
 [2301.8696]
 [2301.8696]
 [2301.8696]
 [2301.8696]
 [2301.8696]
 [2301.8696]
 [2301.8696]
 [2301.8696]
 [2301.8696]
 [2301.8696]
 [2301.8696]
 [2301.8696]
 [2301.8696]
 [2301.8696]
 [2301.8696]
 [2301.8696]
 [2301.8696]
 [2301.8696]
 [2301.8696]
 [2301.8696]
 [2301.8696]
 [2301.8696]
 [2301.8696]
 [2301.8696]
 [2301.8696]
 [2301.8696]
 [2301.8696]
 [2301.8696]
 [2301.8696]
 [2301.8696]
 [2301.8696]
 [2301.8696]
 [2301.8696]
 [2301.8696]
 [2301.8696]
 [2301.8696]
 [2301.8696]
 [2301.8696]
 [2301.8696]
 [2301.8696]
 [2301.8696]
 [2301.8696]
 [2301.8696]
 [2301.8696]
 [2301.8696]
 [2301.8696]
 [2301.8696]
 [2301.8696]
 [2301.8696]
 [2301.8696]
 [2301.8696]
 [2301.8696]
 [2301.8696]
 [2301.8696]
 [2301.8696]
 [2301.8696]
 [2301.8696]
 [2301.8696]
 [2301.8696]
 [2301.8696]
 [2301.8696]
 [2301.8696]
 [2301.8696]
 [2301.8696]
 [2301.8696]
 [2301.8696]
 [2301.8696]
 [2301.8696]
 [2301.8696]
 [2301.8696]
 [2301.8696]
 [2301.8696]
 [2301.8696]
 [2301.8696]
 [2301.8696]
 [2301.8696]
 [2301.8696]
 [2301.8696]
 [2301.8696]
 [2301.8696]
 [2301.8696]
 [2301.8696]
 [2301.8696]
 [2301.8696]
 [2301.8696]
 [2301.8696]
 [2301.8696]
 [2301.8696]
 [2301.8696]
 [2301.8696]
 [2301.8696]
 [2301.8696]
 [2301.8696]
 [2301.8696]
 [2301.8696]
 [2301.8696]
 [2301.8696]
 [2301.8696]
 [2301.8696]
 [2301.8696]
 [2301.8696]
 [2301.8696]
 [2301.8696]
 [2301.8696]
 [2301.8696]
 [2301.8696]
 [2301.8696]
 [2301.8696]
 [2301.8696]
 [2301.8696]
 [2301.8696]
 [2301.8696]
 [2301.8696]
 [2301.8696]
 [2301.8696]
 [2301.8696]
 [2301.8696]
 [2301.8696]
 [2301.8696]
 [2301.8696]
 [2301.8696]
 [2301.8696]
 [2301.8696]
 [2301.8696]
 [2301.8696]
 [2301.8696]
 [2301.8696]
 [2301.8696]
 [2301.8696]
 [2301.8696]
 [2301.8696]
 [2301.8696]
 [2301.8696]
 [2301.8696]
 [2301.8696]
 [2301.8696]
 [2301.8696]
 [2301.8696]
 [2301.8696]
 [2301.8696]
 [2301.8696]
 [2301.8696]
 [2301.8696]
 [2301.8696]
 [2301.8696]
 [2301.8696]
 [2301.8696]
 [2301.8696]
 [2301.8696]
 [2301.8696]
 [2301.8696]
 [2301.8696]
 [2301.8696]
 [2301.8696]
 [2301.8696]
 [2301.8696]
 [2301.8696]
 [2301.8696]
 [2301.8696]
 [2301.8696]
 [2301.8696]
 [2301.8696]
 [2301.8696]
 [2301.8696]
 [2301.8696]
 [2301.8696]
 [2301.8696]
 [2301.8696]
 [2301.8696]
 [2301.8696]
 [2301.8696]
 [2301.8696]
 [2301.8696]
 [2301.8696]
 [2301.8696]
 [2301.8696]
 [2301.8696]
 [2301.8696]
 [2301.8696]
 [2301.8696]
 [2301.8696]
 [2301.8696]
 [2301.8696]
 [2301.8696]
 [2301.8696]
 [2301.8696]
 [2301.8696]
 [2301.8696]
 [2301.8696]
 [2301.8696]
 [2301.8696]
 [2301.8696]
 [2301.8696]
 [2301.8696]
 [2301.8696]
 [2301.8696]
 [2301.8696]
 [2301.8696]
 [2301.8696]
 [2301.8696]
 [2301.8696]
 [2301.8696]
 [2301.8696]
 [2301.8696]
 [2301.8696]
 [2301.8696]
 [2301.8696]
 [2301.8696]
 [2301.8696]
 [2301.8696]
 [2301.8696]
 [2301.8696]
 [2301.8696]
 [2301.8696]
 [2301.8696]
 [2301.8696]
 [2301.8696]
 [2301.8696]
 [2301.8696]
 [2301.8696]
 [2301.8696]
 [2301.8696]
 [2301.8696]
 [2301.8696]
 [2301.8696]
 [2301.8696]
 [2301.8696]
 [2301.8696]
 [2301.8696]
 [2301.8696]
 [2301.8696]
 [2301.8696]
 [2301.8696]
 [2301.8696]
 [2301.8696]
 [2301.8696]
 [2301.8696]
 [2301.8696]
 [2301.8696]
 [2301.8696]
 [2301.8696]
 [2301.8696]
 [2301.8696]
 [2301.8696]
 [2301.8696]
 [2301.8696]
 [2301.8696]
 [2301.8696]
 [2301.8696]
 [2301.8696]
 [2301.8696]
 [2301.8696]
 [2301.8696]
 [2301.8696]
 [2301.8696]
 [2301.8696]
 [2301.8696]
 [2301.8696]
 [2301.8696]
 [2301.8696]
 [2301.8696]
 [2301.8696]
 [2301.8696]
 [2301.8696]
 [2301.8696]
 [2301.8696]
 [2301.8696]
 [2301.8696]
 [2301.8696]
 [2301.8696]
 [2301.8696]
 [2301.8696]
 [2301.8696]
 [2301.8696]
 [2301.8696]
 [2301.8696]
 [2301.8696]
 [2301.8696]
 [2301.8696]
 [2301.8696]
 [2301.8696]
 [2301.8696]
 [2301.8696]
 [2301.8696]
 [2301.8696]]
ballerinax/sfdc/QueryClient#getQueryResult
[[1177.7643]
 [1177.7643]
 [1177.7643]
 [1177.7643]
 [1177.7643]
 [1177.7643]
 [1177.7643]
 [1177.7643]
 [1177.7643]
 [1177.7643]
 [1177.7643]
 [1177.7643]
 [1177.7643]
 [1177.7643]
 [1177.7643]
 [1177.7643]
 [1177.7643]
 [1177.7643]
 [1177.7643]
 [1177.7643]
 [1177.7643]
 [1177.7643]
 [1177.7643]
 [1177.7643]
 [1177.7643]
 [1177.7643]]
ballerinax/sfdc/SObjectClient#createOpportunity
[[2264.3467]
 [2240.5703]
 [2222.2263]
 [2203.8828]
 [2185.539 ]
 [2167.1953]
 [2148.8513]
 [2130.5078]
 [2112.1638]
 [2093.82  ]
 [2075.4763]
 [2057.1326]
 [2038.7887]
 [2020.4451]
 [2002.1013]
 [1983.7574]
 [1965.4138]
 [1947.07  ]
 [1928.7261]
 [1910.3824]
 [1892.0387]
 [1873.6948]
 [1855.3512]
 [1837.0073]
 [1818.6635]
 [1800.3198]
 [1781.976 ]
 [1763.6323]
 [1745.2886]
 [1727.5844]
 [1713.2874]
 [1698.9901]
 [1696.0085]
 [1722.9752]
 [1769.9664]
 [1825.3159]
 [1882.3334]
 [1939.3508]
 [1996.3682]
 [2053.3855]
 [2110.4028]
 [2167.4204]
 [2224.4377]
 [2281.4553]
 [2338.4727]
 [2395.4897]
 [2452.5073]
 [2509.525 ]
 [2566.542 ]
 [2623.5598]
 [2680.5771]
 [2737.5942]
 [2794.6118]
 [2851.6294]
 [2908.6467]
 [2965.664 ]
 [3022.6814]
 [3079.699 ]
 [3136.7163]
 [3193.7336]
 [3250.751 ]
 [3307.7686]
 [3364.786 ]
 [3421.8032]
 [3478.8208]
 [3535.8381]
 [3592.8552]
 [3649.873 ]
 [3706.8901]
 [3763.9082]
 [3820.9253]
 [3877.9426]
 [3934.9597]]
ballerinax/sfdc/SObjectClient#createRecord
[[1531.6423]
 [1539.6128]
 [1547.5831]
 [1555.5536]
 [1563.524 ]
 [1571.4945]
 [1579.465 ]
 [1587.4354]
 [1595.4059]
 [1603.3762]
 [1611.3467]
 [1619.3171]
 [1627.2875]
 [1635.2579]
 [1643.2285]
 [1651.1989]
 [1659.1693]
 [1667.1398]
 [1675.1102]
 [1683.0807]
 [1691.051 ]
 [1699.0215]
 [1706.9918]
 [1708.7708]
 [1707.3069]
 [1704.58  ]
 [1700.4575]
 [1689.7251]
 [1678.9927]
 [1668.2601]
 [1657.5277]
 [1646.7953]
 [1651.9911]
 [1680.5854]
 [1709.1798]
 [1768.862 ]
 [1831.1013]
 [1893.3406]
 [1955.5798]
 [2017.8191]
 [2080.0583]
 [2142.2976]
 [2204.5369]
 [2266.7761]
 [2329.0154]
 [2391.2546]
 [2453.494 ]
 [2503.3447]
 [2550.493 ]
 [2597.6414]
 [2644.7898]
 [2691.938 ]
 [2739.0864]
 [2786.2349]
 [2833.383 ]
 [2880.5312]
 [2927.68  ]
 [2974.8281]
 [3021.9763]
 [3069.1248]
 [3116.2732]
 [3163.4216]
 [3210.5698]
 [3257.7183]
 [3304.8667]
 [3352.015 ]
 [3399.1633]
 [3446.3113]
 [3493.4597]
 [3540.608 ]
 [3587.7566]
 [3634.9048]
 [3682.053 ]]
ballerinax/twilio/Client#sendWhatsAppMessage
[[ 335.459  ]
 [ 336.3396 ]
 [ 342.0419 ]
 [ 348.01532]
 [ 353.98877]
 [ 361.04926]
 [ 418.74173]
 [ 479.00262]
 [ 539.26355]
 [ 599.5245 ]
 [ 659.78534]
 [ 720.04626]
 [ 780.3071 ]
 [ 840.56805]
 [ 900.82904]
 [ 961.08997]
 [1021.3508 ]
 [1081.6117 ]
 [1141.8727 ]
 [1202.1337 ]
 [1262.3945 ]
 [1322.6554 ]
 [1382.9163 ]
 [1443.1771 ]
 [1503.4381 ]
 [1563.6989 ]
 [1623.96   ]
 [1684.221  ]
 [1744.4819 ]
 [1804.7427 ]
 [1865.0035 ]
 [1925.2645 ]
 [1985.5254 ]
 [2045.7865 ]
 [2106.047  ]
 [2166.3083 ]
 [2226.569  ]
 [2286.8303 ]
 [2347.091  ]
 [2407.3518 ]
 [2467.6128 ]
 [2527.8738 ]
 [2588.1345 ]
 [2648.3955 ]
 [2708.6562 ]
 [2768.9172 ]
 [2829.1782 ]
 [2889.439  ]
 [2949.7    ]
 [3009.9607 ]
 [3070.2217 ]
 [3130.4827 ]
 [3190.7434 ]
 [3251.0044 ]
 [3311.2651 ]
 [3371.5261 ]
 [3431.787  ]
 [3492.0479 ]
 [3552.3088 ]
 [3612.5693 ]
 [3672.8306 ]
 [3733.0916 ]
 [3793.3523 ]
 [3853.6133 ]
 [3913.8738 ]
 [3974.1355 ]
 [4034.3965 ]
 [4094.657  ]
 [4154.918  ]
 [4215.1787 ]
 [4275.44   ]
 [4335.7007 ]
 [4395.962  ]
 [4456.2227 ]
 [4516.4834 ]
 [4576.745  ]
 [4637.0044 ]
 [4697.2656 ]
 [4757.5273 ]
 [4817.7886 ]
 [4878.049  ]
 [4938.31   ]
 [4998.571  ]
 [5058.832  ]
 [5119.093  ]
 [5179.354  ]
 [5239.6143 ]
 [5299.8755 ]
 [5360.1367 ]
 [5420.3965 ]
 [5480.657  ]
 [5540.919  ]
 [5601.18   ]
 [5661.441  ]
 [5721.7017 ]
 [5781.963  ]
 [5842.224  ]
 [5902.485  ]
 [5962.746  ]
 [6023.0063 ]
 [6083.267  ]
 [6143.5283 ]
 [6203.789  ]
 [6264.051  ]
 [6324.3115 ]
 [6384.5728 ]
 [6444.833  ]
 [6505.0938 ]]
miyurud/microsoft_onedrive/OneDriveClient#getItem
[[ 352.08313]
 [ 394.04837]
 [ 435.98392]
 [ 477.90033]
 [ 519.81665]
 [ 580.9064 ]
 [ 685.5628 ]
 [ 849.5603 ]
 [1013.5579 ]
 [1177.5553 ]
 [1341.553  ]
 [1374.409  ]
 [1387.7153 ]
 [1401.0217 ]
 [1414.3279 ]
 [1427.6343 ]
 [1440.9404 ]
 [1454.2468 ]
 [1467.5531 ]
 [1480.8595 ]
 [1494.1656 ]
 [1507.472  ]
 [1520.7782 ]
 [1534.0847 ]
 [1547.3909 ]
 [1560.6971 ]
 [1574.0034 ]
 [1587.3099 ]
 [1600.6161 ]
 [1613.9225 ]
 [1627.2286 ]
 [1640.535  ]
 [1653.8412 ]
 [1664.485  ]
 [1674.9294 ]
 [1685.3738 ]
 [1695.8181 ]
 [1706.2623 ]
 [1716.7067 ]
 [1720.8335 ]
 [1722.2999 ]
 [1723.7662 ]
 [1725.2329 ]
 [1726.6993 ]
 [1728.1658 ]
 [1729.6322 ]
 [1731.0988 ]
 [1732.5651 ]
 [1734.0316 ]
 [1735.4982 ]
 [1736.9645 ]
 [1738.4312 ]
 [1739.8976 ]
 [1741.3639 ]
 [1743.0643 ]
 [1745.0802 ]
 [1747.0963 ]
 [1749.112  ]
 [1751.1283 ]
 [1753.1442 ]
 [1755.1603 ]
 [1757.1764 ]
 [1759.1923 ]
 [1761.2085 ]
 [1763.2242 ]
 [1765.2404 ]
 [1767.2563 ]
 [1769.2723 ]
 [1771.2883 ]
 [1773.3044 ]
 [1775.3204 ]
 [1777.3364 ]
 [1779.3524 ]
 [1781.3685 ]
 [1783.3845 ]
 [1785.4004 ]
 [1787.4165 ]
 [1789.4325 ]]
miyurud/microsoft_sheets/Table#insertDataIntoTable
[[1322.7496]
 [1314.473 ]
 [1306.1964]
 [1297.9198]
 [1289.6432]
 [1281.3666]
 [1273.09  ]
 [1292.5889]
 [1300.0084]
 [1320.7964]
 [1361.7892]
 [1408.2822]
 [1454.7751]
 [1501.2682]
 [1547.7612]
 [1594.2542]
 [1640.7472]
 [1687.2402]
 [1733.7333]
 [1780.2263]
 [1826.7192]
 [1873.2124]
 [1919.7052]
 [1966.1984]
 [2012.6913]
 [2102.8179]
 [2256.7275]
 [2423.8594]
 [2590.9915]
 [2758.1233]
 [2925.2551]
 [3092.3875]
 [3259.5188]
 [3426.6511]
 [3497.0667]
 [3511.0942]
 [3525.122 ]
 [3539.1497]
 [3553.1777]
 [3567.2053]
 [3581.2334]
 [3595.2615]
 [3609.2888]
 [3623.317 ]
 [3637.3445]
 [3651.3723]
 [3665.4001]
 [3679.428 ]
 [3693.4558]
 [3707.4832]
 [3721.511 ]
 [3735.5388]
 [3841.4392]
 [3949.6165]
 [4057.7944]
 [4165.972 ]
 [4274.1494]
 [4382.327 ]
 [4490.5044]
 [4598.682 ]
 [4706.86  ]
 [4815.0376]
 [4923.216 ]
 [5031.3936]
 [5139.5703]
 [5247.7485]
 [5355.927 ]
 [5464.103 ]
 [5572.2812]
 [5680.4585]
 [5788.6367]
 [5896.815 ]
 [6004.992 ]
 [6113.1694]
 [6221.347 ]
 [6329.525 ]
 [6437.7036]
 [6545.8804]
 [6654.0576]
 [6725.121 ]
 [6790.41  ]
 [6855.6997]
 [6887.1567]
 [6908.8745]
 [6930.5933]
 [6952.311 ]
 [6974.031 ]
 [6995.7485]
 [7017.4673]
 [7039.186 ]
 [7060.905 ]
 [7082.624 ]
 [7104.3413]
 [7126.0615]
 [7147.78  ]
 [7169.4995]
 [7191.2163]
 [7212.9355]
 [7234.6543]
 [7256.3735]
 [7278.092 ]
 [7299.8115]
 [7321.528 ]
 [7343.2476]
 [7364.9663]
 [7386.6846]
 [7408.4033]
 [7430.123 ]
 [7451.84  ]
 [7473.559 ]
 [7495.279 ]
 [7516.9976]
 [7538.716 ]
 [7560.4336]
 [7582.1543]
 [7603.8726]
 [7625.5913]
 [7647.31  ]
 [7669.0283]
 [7690.747 ]
 [7712.466 ]
 [7734.185 ]
 [7755.9014]
 [7777.6216]
 [7799.341 ]
 [7821.0596]
 [7842.777 ]
 [7864.496 ]
 [7886.2153]
 [7907.9326]
 [7929.651 ]
 [7951.3706]
 [7973.0894]
 [7994.807 ]
 [8016.529 ]
 [8038.2456]
 [8059.9653]
 [8081.6826]
 [8103.4014]
 [8125.119 ]
 [8146.838 ]
 [8168.5586]
 [8190.2783]
 [8211.996 ]
 [8233.713 ]
 [8255.432 ]
 [8277.15  ]
 [8298.87  ]
 [8320.589 ]
 [8342.308 ]
 [8364.024 ]
 [8385.744 ]
 [8407.463 ]
 [8429.183 ]
 [8450.902 ]
 [8472.618 ]
 [8494.336 ]]
miyurud/microsoft_sheets/Table#renameTable
[[ 822.2429]
 [ 822.2429]
 [ 822.2429]
 [ 822.2429]
 [ 822.2429]
 [ 822.2429]
 [ 822.2429]
 [ 822.2429]
 [ 822.2429]
 [ 822.2429]
 [ 822.2429]
 [ 822.2429]
 [ 822.2429]
 [ 822.2429]
 [ 822.2429]
 [1174.7008]
 [1582.9126]
 [1993.4482]
 [2290.5156]
 [2367.2407]
 [2443.966 ]
 [2520.6912]
 [2596.853 ]
 [2672.9104]
 [2748.9675]
 [2825.025 ]
 [2901.082 ]
 [2977.1394]
 [3053.1968]
 [3129.254 ]
 [3205.3113]
 [3281.3682]
 [3357.4255]
 [3433.4827]
 [3509.54  ]
 [3585.5977]
 [3661.655 ]
 [3737.7122]
 [3813.7695]
 [3889.8264]
 [3965.8838]
 [4041.941 ]
 [4117.9985]
 [4194.0557]
 [4270.1133]
 [4346.1704]
 [4422.2275]
 [4498.2847]
 [4574.342 ]
 [4650.3994]
 [4726.457 ]
 [4802.514 ]
 [4878.572 ]
 [4954.629 ]
 [5030.686 ]
 [5106.743 ]
 [5182.801 ]
 [5258.858 ]
 [5334.915 ]
 [5410.972 ]
 [5487.0293]
 [5563.0864]
 [5639.144 ]
 [5715.2017]
 [5791.259 ]
 [5867.316 ]
 [5943.3735]
 [6019.431 ]
 [6095.488 ]]
miyurud/microsoft_sheets/Table#setTableHeader
[[1387.0037]
 [1384.8938]
 [1382.784 ]
 [1380.6744]
 [1378.5645]
 [1376.4548]
 [1374.3451]
 [1372.2354]
 [1377.3153]
 [1412.9102]
 [1449.9613]
 [1487.0126]
 [1524.0637]
 [1561.1149]
 [1598.166 ]
 [1635.217 ]
 [1672.2682]
 [1709.3193]
 [1746.3705]
 [1783.4215]
 [1820.4728]
 [1857.5239]
 [1894.5751]
 [1931.6262]
 [1968.6772]
 [2005.7285]
 [2042.7795]
 [2079.8308]
 [2116.8818]
 [2153.9329]
 [2190.9841]
 [2228.0352]
 [2265.0864]
 [2302.1377]
 [2339.1887]
 [2376.24  ]
 [2413.291 ]
 [2450.3423]
 [2487.6816]
 [2525.7156]
 [2563.7493]
 [2602.8787]
 [2642.3284]
 [2681.7778]
 [2721.2275]
 [2760.677 ]
 [2800.1265]
 [2839.8555]
 [2879.6235]
 [2919.3918]
 [2959.1602]
 [2998.9282]
 [3038.6968]
 [3078.4648]
 [3118.2332]
 [3158.0015]
 [3197.7695]
 [3237.5378]
 [3277.306 ]
 [3317.0745]
 [3356.8425]
 [3396.6108]
 [3436.379 ]
 [3476.1472]
 [3515.9155]
 [3555.6838]
 [3595.452 ]
 [3635.2202]
 [3674.9888]
 [3714.757 ]
 [3754.5251]
 [3794.293 ]
 [3834.0613]
 [3873.8296]
 [3913.598 ]
 [3953.3662]
 [3993.1343]
 [4032.903 ]
 [4072.6711]
 [4112.439 ]
 [4152.207 ]
 [4191.9756]
 [4231.744 ]
 [4271.512 ]
 [4311.2803]
 [4351.049 ]
 [4390.8164]
 [4430.585 ]
 [4470.3535]
 [4510.1216]
 [4549.8896]
 [4589.6577]
 [4629.426 ]
 [4669.1943]
 [4708.963 ]
 [4748.731 ]
 [4788.499 ]
 [4828.267 ]
 [4868.036 ]
 [4907.804 ]
 [4947.5723]
 [4987.34  ]
 [5027.108 ]
 [5066.877 ]
 [5106.645 ]
 [5146.4136]
 [5186.1816]
 [5225.4346]
 [5262.869 ]
 [5300.3027]
 [5337.737 ]
 [5375.1714]
 [5412.606 ]
 [5450.04  ]
 [5487.4746]
 [5524.909 ]
 [5562.3433]
 [5599.778 ]
 [5637.212 ]
 [5674.6455]
 [5712.08  ]
 [5749.5146]
 [5786.949 ]
 [5824.384 ]
 [5861.8174]
 [5899.252 ]
 [5936.6865]
 [5974.12  ]
 [6011.5557]
 [6048.9893]
 [6086.424 ]
 [6123.857 ]
 [6161.2915]
 [6198.726 ]
 [6236.1606]
 [6273.595 ]
 [6311.03  ]
 [6348.4644]
 [6385.898 ]
 [6423.3325]
 [6460.767 ]
 [6498.2017]]
miyurud/microsoft_sheets/Workbook#createWorksheet
[[ 560.3726 ]
 [ 560.6723 ]
 [ 569.5457 ]
 [ 578.41907]
 [ 587.2924 ]
 [ 654.28644]
 [ 756.0492 ]
 [ 857.812  ]
 [ 959.5749 ]
 [1061.3375 ]
 [1163.1003 ]
 [1264.8632 ]
 [1366.6259 ]
 [1468.3888 ]
 [1570.1516 ]
 [1671.9143 ]
 [1773.6771 ]
 [1875.44   ]
 [1977.2026 ]
 [2078.9656 ]
 [2180.7283 ]
 [2282.4912 ]
 [2384.254  ]
 [2486.0166 ]
 [2587.7793 ]
 [2689.5422 ]
 [2791.305  ]
 [2893.0676 ]
 [2994.8308 ]
 [3096.593  ]
 [3198.3562 ]
 [3300.1187 ]
 [3401.8816 ]
 [3503.6445 ]
 [3604.8772 ]
 [3706.036  ]
 [3807.1953 ]
 [3908.3545 ]
 [4009.5132 ]
 [4110.673  ]
 [4211.8315 ]
 [4312.9907 ]
 [4414.1504 ]
 [4515.3096 ]
 [4616.4683 ]
 [4717.627  ]
 [4818.7866 ]
 [4919.946  ]
 [5021.104  ]
 [5122.264  ]
 [5223.423  ]
 [5324.582  ]
 [5425.741  ]
 [5526.9    ]
 [5628.0596 ]
 [5729.2188 ]
 [5830.3774 ]
 [5931.5366 ]
 [6032.6963 ]
 [6133.8555 ]
 [6235.0146 ]
 [6336.1733 ]
 [6437.333  ]
 [6538.4917 ]
 [6567.198  ]
 [6469.809  ]
 [6372.42   ]
 [6275.03   ]
 [6177.6406 ]
 [6080.2515 ]
 [5982.8623 ]
 [5885.4736 ]
 [5788.083  ]
 [5690.694  ]
 [5593.3047 ]
 [5495.916  ]
 [5398.527  ]
 [5301.1367 ]
 [5203.7466 ]
 [5106.3584 ]
 [5008.97   ]
 [4911.579  ]
 [4814.19   ]
 [4716.801  ]
 [4619.4116 ]
 [4522.024  ]
 [4424.6333 ]
 [4327.2437 ]
 [4229.854  ]
 [4174.5645 ]
 [4179.2847 ]
 [4184.0054 ]
 [4188.7256 ]
 [4193.4463 ]
 [4198.166  ]
 [4202.886  ]
 [4207.6064 ]
 [4212.3267 ]
 [4217.048  ]
 [4221.768  ]
 [4226.488  ]
 [4231.208  ]]
miyurud/microsoft_sheets/Workbook#removeWorksheet
[[1188.906 ]
 [1188.906 ]
 [1188.906 ]
 [1188.906 ]
 [1188.906 ]
 [1188.906 ]
 [1188.906 ]
 [1188.906 ]
 [1188.906 ]
 [1188.906 ]
 [1188.906 ]
 [1212.415 ]
 [1314.6437]
 [1416.8721]
 [1519.1006]
 [1621.329 ]
 [1723.5574]
 [1825.7859]
 [1928.0142]
 [2030.2427]
 [2132.4712]
 [2234.6997]
 [2336.9282]
 [2439.1567]
 [2541.385 ]
 [2643.6133]
 [2745.842 ]
 [2848.0706]
 [2950.299 ]
 [3052.527 ]
 [3154.7556]
 [3256.984 ]
 [3359.2124]
 [3461.441 ]
 [3563.6694]
 [3665.898 ]
 [3768.1267]
 [3870.3547]
 [3972.5833]
 [4074.8118]
 [4177.04  ]
 [4279.268 ]
 [4381.497 ]
 [4483.7256]
 [4585.954 ]
 [4688.182 ]
 [4790.4106]
 [4892.639 ]
 [4994.867 ]
 [5097.0967]
 [5199.3247]
 [5301.5537]
 [5403.7817]
 [5506.0103]
 [5608.2383]
 [5710.467 ]
 [5812.6953]
 [5914.924 ]
 [6017.152 ]
 [6119.3804]
 [6221.609 ]
 [6323.838 ]
 [6426.067 ]
 [6528.2944]
 [6630.523 ]
 [6732.7515]
 [6834.98  ]
 [6937.2085]
 [7039.4365]
 [7141.666 ]
 [7243.8945]
 [7346.123 ]
 [7448.351 ]
 [7550.5796]
 [7652.8076]
 [7755.036 ]
 [7857.2646]
 [7959.493 ]
 [8061.721 ]
 [8163.9497]
 [8266.179 ]
 [8368.406 ]
 [8470.635 ]
 [8572.864 ]
 [8675.092 ]
 [8777.32  ]
 [8879.549 ]
 [8981.697 ]
 [9083.665 ]
 [9185.63  ]]
miyurud/microsoft_sheets/Worksheet#createTable
[[ 2531.6497]
 [ 2507.2334]
 [ 2482.8176]
 [ 2458.4019]
 [ 2433.9858]
 [ 2412.189 ]
 [ 2392.0369]
 [ 2371.8845]
 [ 2350.2427]
 [ 2326.1948]
 [ 2302.147 ]
 [ 2278.0989]
 [ 2254.0508]
 [ 2230.003 ]
 [ 2205.955 ]
 [ 2181.9072]
 [ 2169.324 ]
 [ 2169.324 ]
 [ 2175.9673]
 [ 2271.606 ]
 [ 2367.6836]
 [ 2463.7615]
 [ 2559.8396]
 [ 2655.9172]
 [ 2751.995 ]
 [ 2848.073 ]
 [ 2944.1506]
 [ 3040.2285]
 [ 3136.3064]
 [ 3232.3843]
 [ 3328.4624]
 [ 3424.5398]
 [ 3520.6177]
 [ 3616.6958]
 [ 3712.7732]
 [ 3808.8513]
 [ 3904.9292]
 [ 4001.0066]
 [ 4097.085 ]
 [ 4193.1626]
 [ 4289.24  ]
 [ 4385.3184]
 [ 4481.3955]
 [ 4577.4736]
 [ 4673.552 ]
 [ 4769.6294]
 [ 4865.707 ]
 [ 4961.785 ]
 [ 5057.8633]
 [ 5153.9414]
 [ 5250.0195]
 [ 5346.097 ]
 [ 5442.1743]
 [ 5538.2524]
 [ 5634.3306]
 [ 5730.408 ]
 [ 5826.4863]
 [ 5922.564 ]
 [ 6018.642 ]
 [ 6114.7197]
 [ 6210.797 ]
 [ 6306.8745]
 [ 6402.953 ]
 [ 6499.031 ]
 [ 6595.109 ]
 [ 6691.1865]
 [ 6787.2646]
 [ 6883.342 ]
 [ 6979.421 ]
 [ 7075.4976]
 [ 7171.5757]
 [ 7267.6533]
 [ 7363.732 ]
 [ 7459.8096]
 [ 7555.887 ]
 [ 7651.9644]
 [ 7748.0435]
 [ 7844.12  ]
 [ 7940.198 ]
 [ 8036.2764]
 [ 8132.354 ]
 [ 8228.432 ]
 [ 8324.51  ]
 [ 8420.588 ]
 [ 8516.665 ]
 [ 8612.742 ]
 [ 8708.82  ]
 [ 8804.898 ]
 [ 8900.977 ]
 [ 8997.054 ]
 [ 9093.132 ]
 [ 9189.21  ]
 [ 9285.287 ]
 [ 9381.366 ]
 [ 9477.443 ]
 [ 9573.521 ]
 [ 9669.6   ]
 [ 9765.678 ]
 [ 9861.755 ]
 [ 9957.833 ]
 [10053.911 ]
 [10149.988 ]
 [10246.065 ]
 [10342.144 ]
 [10438.222 ]
 [10534.3   ]
 [10630.378 ]
 [10726.455 ]
 [10822.533 ]
 [10918.611 ]
 [11014.689 ]
 [11110.766 ]
 [11206.845 ]
 [11302.923 ]
 [11399.001 ]
 [11495.077 ]
 [11591.156 ]
 [11687.234 ]
 [11783.3125]]
