ballerina/http/Caller#respond
ballerina/http/Client#forward#http://13.90.39.240:8602
ballerina/http/Client#get#https://ap15.salesforce.com
ballerina/http/Client#get#https://covidapi.info/api/v1
ballerina/http/Client#patch#https://graph.microsoft.com
ballerina/http/Client#post#http://hotel-mock-svc:8090
ballerina/http/Client#post#https://login.salesforce.com/services/oauth2/token
ballerina/http/HttpClient#forward
ballerina/http/HttpClient#post
ballerinax/sfdc/SObjectClient#createRecord

top 5{'ballerina/http/Caller#respond': array([[ 2.80275635e-05],
       [ 2.80275635e-05],
       [ 2.80275635e-05],
       ...,
       [-1.22541063e-01],
       [-1.22554705e-01],
       [-1.22568391e-01]], dtype=float32), 'ballerina/http/Client#get#https://covidapi.info/api/v1': array([[0.00960289],
       [0.00960289],
       [0.00960289],
       [0.00960289],
       [0.00960289],
       [0.00960289],
       [0.00960289],
       [0.00960289],
       [0.00960289],
       [0.00960289],
       [0.00960289],
       [0.00960289],
       [0.00960289],
       [0.00960289],
       [0.00960289],
       [0.00960289],
       [0.00960289],
       [0.00960289],
       [0.00960289],
       [0.00960289],
       [0.00960289],
       [0.00960289],
       [0.00960289],
       [0.00960289],
       [0.00960289],
       [0.00960289],
       [0.00960289],
       [0.00960289],
       [0.00960289],
       [0.00960289],
       [0.00960289],
       [0.00960289],
       [0.00960289],
       [0.00960289],
       [0.00960289],
       [0.00960289],
       [0.00960289],
       [0.00960289],
       [0.00960289],
       [0.00960289],
       [0.00960289],
       [0.00960289],
       [0.00960289],
       [0.00960289],
       [0.00960289],
       [0.00960289],
       [0.00960289],
       [0.00960289],
       [0.00960289],
       [0.00960289],
       [0.00960289],
       [0.00960289],
       [0.00960289],
       [0.00960289],
       [0.00960289],
       [0.00960289],
       [0.00960289],
       [0.00960289],
       [0.00960289],
       [0.00960289],
       [0.00960289],
       [0.00960289],
       [0.00960289],
       [0.00960289],
       [0.00960289],
       [0.00960289],
       [0.00960289],
       [0.00960289],
       [0.00960289],
       [0.00960289],
       [0.00960289],
       [0.00960289],
       [0.00960289],
       [0.00960289],
       [0.00960289],
       [0.00960289],
       [0.00960289],
       [0.00960289],
       [0.00960289],
       [0.00960289],
       [0.00960289],
       [0.00960289],
       [0.00960289],
       [0.00960289],
       [0.00960289],
       [0.00960289],
       [0.00960289],
       [0.00960289],
       [0.00960289],
       [0.00960289],
       [0.00960289],
       [0.00960289],
       [0.00960289],
       [0.00960289],
       [0.00960289],
       [0.00960289],
       [0.00960289],
       [0.00960289],
       [0.00960289],
       [0.00960289],
       [0.00960289],
       [0.00960289],
       [0.00960289],
       [0.00960289],
       [0.00960289],
       [0.00960289],
       [0.00960289],
       [0.00960289],
       [0.00960289],
       [0.00960289],
       [0.00960289],
       [0.00960289],
       [0.00960289],
       [0.00960289],
       [0.00960289],
       [0.00960289],
       [0.00960289],
       [0.00960289],
       [0.00960289]], dtype=float32), 'ballerina/http/Client#post#http://hotel-mock-svc:8090': array([[1.10803870e-03],
       [1.10803870e-03],
       [1.10803870e-03],
       [1.10803870e-03],
       [1.10803870e-03],
       [1.10803870e-03],
       [1.10803870e-03],
       [1.10803870e-03],
       [1.10803870e-03],
       [1.10803870e-03],
       [1.10803870e-03],
       [1.10803870e-03],
       [1.72635587e-03],
       [7.60829216e-03],
       [1.34902410e-02],
       [1.93721652e-02],
       [2.52541415e-02],
       [3.11360508e-02],
       [3.70180346e-02],
       [4.28999290e-02],
       [4.87818681e-02],
       [5.46638332e-02],
       [6.05457723e-02],
       [6.64277002e-02],
       [7.23096654e-02],
       [7.81915784e-02],
       [8.40735212e-02],
       [8.99554789e-02],
       [9.58374068e-02],
       [1.01719379e-01],
       [1.07601278e-01],
       [1.13483235e-01],
       [1.19365185e-01],
       [1.25247121e-01],
       [1.31129086e-01],
       [1.37011036e-01],
       [1.42892987e-01],
       [1.48774892e-01],
       [1.54656887e-01],
       [1.60538852e-01],
       [1.66420758e-01],
       [1.72302708e-01],
       [1.78184643e-01],
       [1.84066594e-01],
       [1.89948469e-01],
       [1.95830449e-01],
       [2.01712415e-01],
       [2.07594335e-01],
       [2.13476270e-01],
       [2.19358191e-01],
       [2.25240111e-01],
       [2.31122121e-01],
       [2.37003967e-01],
       [2.42885962e-01],
       [2.48767942e-01],
       [2.54649878e-01],
       [2.60531873e-01],
       [2.66413778e-01],
       [2.72295773e-01],
       [2.78177679e-01],
       [2.84059644e-01],
       [2.89941549e-01],
       [2.95823455e-01],
       [3.01705509e-01],
       [3.07587355e-01],
       [3.13469321e-01],
       [3.19351226e-01],
       [3.25233132e-01],
       [3.31115097e-01],
       [3.36997151e-01],
       [3.42878997e-01],
       [3.48760903e-01],
       [3.54642808e-01],
       [3.60524833e-01],
       [3.66406739e-01],
       [3.72288853e-01],
       [3.78170699e-01],
       [3.84052664e-01],
       [3.89934629e-01],
       [3.95816416e-01],
       [4.01698500e-01],
       [4.07580495e-01],
       [4.13462400e-01],
       [4.19344366e-01],
       [4.25226212e-01],
       [4.31108177e-01],
       [4.36990142e-01],
       [4.42872077e-01],
       [4.48754042e-01],
       [4.54635948e-01],
       [4.60517853e-01],
       [4.66399819e-01],
       [4.72281724e-01],
       [4.78163779e-01],
       [4.84045684e-01],
       [4.89927709e-01],
       [4.95809615e-01],
       [5.01691282e-01],
       [5.07573485e-01],
       [5.13455391e-01],
       [5.19337296e-01],
       [5.25219381e-01],
       [5.31101346e-01],
       [5.36983252e-01],
       [5.42864978e-01],
       [5.48747063e-01],
       [5.54629087e-01],
       [5.60510933e-01],
       [5.66392839e-01],
       [5.72274804e-01],
       [5.78156650e-01],
       [5.84038615e-01],
       [5.89920759e-01],
       [5.95802724e-01],
       [6.01684570e-01],
       [6.07566595e-01],
       [6.13448441e-01],
       [6.19330227e-01],
       [6.25212431e-01],
       [6.31094277e-01],
       [6.36976242e-01],
       [6.42858267e-01],
       [6.48740292e-01],
       [6.54621959e-01],
       [6.60504162e-01],
       [6.66386127e-01],
       [6.72268212e-01],
       [6.78149879e-01],
       [6.84031844e-01],
       [6.89913630e-01],
       [6.95795596e-01],
       [7.01677620e-01],
       [7.07559407e-01],
       [7.13441551e-01],
       [7.19323397e-01],
       [7.25205481e-01],
       [7.31087446e-01],
       [7.36969292e-01],
       [7.42851138e-01],
       [7.48733342e-01],
       [7.54615128e-01],
       [7.60497093e-01],
       [7.66379118e-01],
       [7.72260964e-01],
       [7.78142810e-01],
       [7.84024835e-01],
       [7.89906740e-01],
       [7.95788825e-01],
       [8.01670730e-01],
       [8.07552576e-01],
       [8.13434482e-01],
       [8.19316387e-01],
       [8.25198472e-01],
       [8.31080258e-01],
       [8.36962223e-01],
       [8.42844188e-01],
       [8.48726332e-01],
       [8.54608059e-01],
       [8.60489964e-01],
       [8.66371989e-01],
       [8.72254074e-01],
       [8.78135920e-01],
       [8.84017825e-01],
       [8.89899790e-01],
       [8.95781517e-01],
       [9.01663482e-01],
       [9.07545447e-01],
       [9.13427532e-01],
       [9.19309199e-01],
       [9.25191224e-01],
       [9.31073070e-01],
       [9.36955333e-01],
       [9.42837179e-01],
       [9.48718965e-01],
       [9.54600930e-01],
       [9.60483015e-01],
       [9.66364682e-01],
       [9.72246826e-01],
       [9.78128850e-01],
       [9.84010637e-01],
       [9.89892662e-01],
       [9.95774567e-01],
       [1.00165653e+00],
       [1.00753832e+00],
       [1.01342046e+00],
       [1.01930225e+00],
       [1.02518451e+00],
       [1.03106618e+00],
       [1.03694820e+00],
       [1.04282987e+00],
       [1.04871225e+00],
       [1.05459428e+00],
       [1.06047595e+00],
       [1.06635797e+00],
       [1.07223976e+00],
       [1.07812178e+00],
       [1.08400369e+00],
       [1.08988559e+00],
       [1.09576750e+00],
       [1.10164988e+00],
       [1.10753131e+00],
       [1.11341345e+00],
       [1.11929560e+00],
       [1.12517750e+00],
       [1.13105941e+00],
       [1.13694108e+00],
       [1.14282322e+00],
       [1.14870512e+00],
       [1.15458715e+00],
       [1.16046894e+00],
       [1.16635108e+00],
       [1.17223299e+00],
       [1.17811489e+00],
       [1.18399680e+00],
       [1.18987870e+00],
       [1.19576097e+00],
       [1.20164251e+00],
       [1.20752454e+00],
       [1.21340656e+00],
       [1.21928811e+00],
       [1.22517037e+00],
       [1.23105216e+00],
       [1.23693407e+00],
       [1.24281585e+00],
       [1.24869823e+00],
       [1.25457978e+00],
       [1.26046216e+00],
       [1.26634395e+00],
       [1.27222598e+00],
       [1.27810776e+00],
       [1.28399014e+00],
       [1.28987181e+00],
       [1.29575396e+00],
       [1.30163562e+00],
       [1.30751765e+00],
       [1.31339955e+00]], dtype=float32), 'ballerina/http/HttpClient#forward': array([[0.0034917],
       [0.0034917],
       [0.0034917],
       ...,
       [0.0034917],
       [0.0034917],
       [0.0034917]], dtype=float32), 'ballerina/http/HttpClient#post': array([[-1.03783375e-03],
       [-1.03783375e-03],
       [-1.03783375e-03],
       [-1.03783375e-03],
       [-1.03783375e-03],
       [-1.03783375e-03],
       [-1.03783375e-03],
       [-1.03783375e-03],
       [-1.03783375e-03],
       [-1.03783375e-03],
       [-1.03783375e-03],
       [ 2.02841125e-04],
       [ 1.97448605e-03],
       [ 3.74612678e-03],
       [ 5.51777380e-03],
       [ 7.28941476e-03],
       [ 9.06106271e-03],
       [ 1.08327065e-02],
       [ 1.26043502e-02],
       [ 1.45815890e-02],
       [ 1.67749617e-02],
       [ 1.89683456e-02],
       [ 2.11617202e-02],
       [ 2.33550984e-02],
       [ 2.55484786e-02],
       [ 2.77418476e-02],
       [ 2.99352240e-02],
       [ 3.21286097e-02],
       [ 3.43219787e-02],
       [ 3.65153626e-02],
       [ 3.87087353e-02],
       [ 4.09021154e-02],
       [ 4.30954956e-02],
       [ 4.52888645e-02],
       [ 4.74822521e-02],
       [ 4.96756285e-02],
       [ 5.18689938e-02],
       [ 5.40623888e-02],
       [ 5.62557578e-02],
       [ 5.84491417e-02],
       [ 6.06425144e-02],
       [ 6.28358796e-02],
       [ 6.50292486e-02],
       [ 6.72226474e-02],
       [ 6.94160163e-02],
       [ 7.16093928e-02],
       [ 7.38027692e-02],
       [ 7.59961456e-02],
       [ 7.81895295e-02],
       [ 7.94615224e-02],
       [ 7.98691735e-02],
       [ 8.02768320e-02],
       [ 8.06844458e-02],
       [ 8.10921192e-02],
       [ 8.14997703e-02],
       [ 8.19074214e-02],
       [ 8.23150277e-02],
       [ 8.27226788e-02],
       [ 8.31303000e-02],
       [ 8.35379884e-02],
       [ 8.39455649e-02],
       [ 8.43532607e-02],
       [ 8.47609043e-02],
       [ 8.51686001e-02],
       [ 8.55761319e-02],
       [ 8.59837979e-02],
       [ 8.63914490e-02],
       [ 8.67991000e-02],
       [ 8.72067809e-02],
       [ 8.76143724e-02],
       [ 8.80220532e-02],
       [ 8.84297192e-02],
       [ 8.88373554e-02],
       [ 8.92449468e-02],
       [ 8.96525458e-02],
       [ 9.00602415e-02],
       [ 9.04679596e-02],
       [ 9.08755362e-02],
       [ 9.12831947e-02],
       [ 9.16907936e-02],
       [ 9.20983702e-02],
       [ 9.25060809e-02],
       [ 9.29137319e-02],
       [ 9.33213681e-02],
       [ 9.37289745e-02],
       [ 9.41366181e-02],
       [ 9.45442319e-02],
       [ 9.49519426e-02],
       [ 9.53595415e-02],
       [ 9.57672298e-02],
       [ 9.61748660e-02],
       [ 9.65824872e-02],
       [ 9.69900936e-02],
       [ 9.73977968e-02],
       [ 9.78053957e-02],
       [ 9.82130244e-02],
       [ 9.86207053e-02],
       [ 9.90283191e-02],
       [ 9.94359329e-02],
       [ 9.98435989e-02],
       [ 1.00251257e-01],
       [ 1.00658916e-01],
       [ 1.01066507e-01],
       [ 1.01474181e-01],
       [ 1.01881787e-01],
       [ 1.02289431e-01],
       [ 1.02697164e-01],
       [ 1.03104815e-01],
       [ 1.03512339e-01],
       [ 1.03920102e-01],
       [ 1.04327664e-01],
       [ 1.04735285e-01],
       [ 1.05142929e-01],
       [ 1.05550550e-01],
       [ 1.05958171e-01],
       [ 1.06365822e-01],
       [ 1.06773540e-01],
       [ 1.07181124e-01],
       [ 1.07588820e-01],
       [ 1.07996359e-01],
       [ 1.08403966e-01],
       [ 1.08811751e-01],
       [ 1.09219432e-01],
       [ 1.09626919e-01],
       [ 1.10034645e-01],
       [ 1.10442281e-01],
       [ 1.10849902e-01],
       [ 1.11257628e-01],
       [ 1.11665174e-01],
       [ 1.12072811e-01],
       [ 1.12480476e-01],
       [ 1.12888083e-01],
       [ 1.13295823e-01],
       [ 1.13703445e-01],
       [ 1.14111051e-01],
       [ 1.14518672e-01],
       [ 1.14926279e-01],
       [ 1.15333959e-01],
       [ 1.15741536e-01],
       [ 1.16149351e-01],
       [ 1.16556928e-01],
       [ 1.16964459e-01],
       [ 1.17372096e-01],
       [ 1.17779896e-01],
       [ 1.18187472e-01],
       [ 1.18594930e-01],
       [ 1.19002804e-01],
       [ 1.19410351e-01],
       [ 1.19818017e-01],
       [ 1.20225742e-01],
       [ 1.20633319e-01],
       [ 1.21040851e-01],
       [ 1.21448711e-01],
       [ 1.21856123e-01],
       [ 1.22263774e-01],
       [ 1.22671634e-01],
       [ 1.23079091e-01],
       [ 1.23486713e-01],
       [ 1.23894483e-01],
       [ 1.24302000e-01],
       [ 1.24709770e-01],
       [ 1.25117332e-01],
       [ 1.25525013e-01],
       [ 1.25932649e-01],
       [ 1.26340345e-01],
       [ 1.26747787e-01],
       [ 1.27155557e-01],
       [ 1.27563208e-01],
       [ 1.27970800e-01],
       [ 1.28378451e-01],
       [ 1.28786102e-01],
       [ 1.29193693e-01],
       [ 1.29601344e-01],
       [ 1.30009174e-01],
       [ 1.30416662e-01],
       [ 1.30824521e-01],
       [ 1.31231979e-01],
       [ 1.31639585e-01],
       [ 1.32047206e-01],
       [ 1.32455021e-01],
       [ 1.32862419e-01],
       [ 1.33270055e-01],
       [ 1.33677945e-01],
       [ 1.34085417e-01],
       [ 1.34493127e-01],
       [ 1.34900734e-01],
       [ 1.35308385e-01],
       [ 1.35715947e-01],
       [ 1.36123583e-01],
       [ 1.36531353e-01],
       [ 1.36938900e-01],
       [ 1.37346536e-01],
       [ 1.37754053e-01],
       [ 1.38161927e-01],
       [ 1.38569564e-01],
       [ 1.38977259e-01],
       [ 1.39384836e-01],
       [ 1.39792472e-01],
       [ 1.40200108e-01],
       [ 1.40607744e-01],
       [ 1.41015381e-01],
       [ 1.41422927e-01],
       [ 1.41830683e-01],
       [ 1.42238349e-01],
       [ 1.42645836e-01],
       [ 1.43053412e-01],
       [ 1.43461198e-01],
       [ 1.43868744e-01],
       [ 1.44276321e-01],
       [ 1.44684136e-01],
       [ 1.45091712e-01],
       [ 1.45499319e-01],
       [ 1.45907015e-01],
       [ 1.46314621e-01],
       [ 1.46722287e-01],
       [ 1.47129983e-01],
       [ 1.47537619e-01],
       [ 1.47945195e-01],
       [ 1.48352921e-01],
       [ 1.48760527e-01],
       [ 1.49168253e-01],
       [ 1.49575740e-01],
       [ 1.49983495e-01],
       [ 1.50391132e-01],
       [ 1.50798708e-01],
       [ 1.51206344e-01],
       [ 1.51614040e-01],
       [ 1.52021438e-01],
       [ 1.52429253e-01],
       [ 1.52837098e-01],
       [ 1.53244406e-01],
       [ 1.53652251e-01],
       [ 1.54059798e-01],
       [ 1.54467434e-01],
       [ 1.54875129e-01],
       [ 1.55282706e-01],
       [ 1.55690342e-01],
       [ 1.56098157e-01],
       [ 1.56505644e-01],
       [ 1.56913221e-01],
       [ 1.57321066e-01],
       [ 1.57728493e-01],
       [ 1.58136278e-01],
       [ 1.58544093e-01],
       [ 1.58951521e-01],
       [ 1.59358948e-01],
       [ 1.59766734e-01],
       [ 1.60174400e-01],
       [ 1.60581976e-01],
       [ 1.60989910e-01],
       [ 1.61397189e-01],
       [ 1.61804855e-01],
       [ 1.62212759e-01],
       [ 1.62620366e-01],
       [ 1.63027942e-01],
       [ 1.63435638e-01],
       [ 1.63842976e-01],
       [ 1.64250761e-01],
       [ 1.64658517e-01],
       [ 1.65066004e-01],
       [ 1.65473938e-01],
       [ 1.65881395e-01],
       [ 1.66288882e-01],
       [ 1.66696697e-01],
       [ 1.67104602e-01],
       [ 1.67511910e-01],
       [ 1.67919606e-01],
       [ 1.68327421e-01],
       [ 1.68734699e-01],
       [ 1.69142485e-01],
       [ 1.69550449e-01],
       [ 1.69957727e-01],
       [ 1.70365363e-01],
       [ 1.70773089e-01],
       [ 1.71180755e-01],
       [ 1.71588331e-01],
       [ 1.71995938e-01],
       [ 1.72403753e-01],
       [ 1.72811449e-01],
       [ 1.73218757e-01],
       [ 1.73626512e-01],
       [ 1.74034297e-01],
       [ 1.74441874e-01],
       [ 1.74849510e-01],
       [ 1.75257027e-01],
       [ 1.75664872e-01],
       [ 1.76072389e-01],
       [ 1.76480144e-01],
       [ 1.76887810e-01],
       [ 1.77295446e-01],
       [ 1.77702457e-01],
       [ 1.78110778e-01],
       [ 1.78518265e-01],
       [ 1.78925842e-01],
       [ 1.79333746e-01],
       [ 1.79741144e-01],
       [ 1.80148691e-01],
       [ 1.80556357e-01],
       [ 1.80964172e-01],
       [ 1.81371719e-01],
       [ 1.81779444e-01],
       [ 1.82187259e-01],
       [ 1.82594597e-01],
       [ 1.83002234e-01],
       [ 1.83410257e-01],
       [ 1.83817625e-01],
       [ 1.84225172e-01],
       [ 1.84632957e-01],
       [ 1.85040385e-01],
       [ 1.85448408e-01],
       [ 1.85855955e-01],
       [ 1.86263263e-01],
       [ 1.86671317e-01],
       [ 1.87078506e-01],
       [ 1.87486142e-01],
       [ 1.87894225e-01],
       [ 1.88301563e-01],
       [ 1.88709080e-01],
       [ 1.89117104e-01],
       [ 1.89524442e-01],
       [ 1.89932227e-01],
       [ 1.90339684e-01],
       [ 1.90747589e-01],
       [ 1.91155136e-01],
       [ 1.91562802e-01],
       [ 1.91970319e-01],
       [ 1.92378074e-01],
       [ 1.92785859e-01],
       [ 1.93193436e-01],
       [ 1.93600953e-01],
       [ 1.94008410e-01],
       [ 1.94416225e-01],
       [ 1.94823921e-01],
       [ 1.95231438e-01],
       [ 1.95639014e-01],
       [ 1.96046829e-01],
       [ 1.96454465e-01],
       [ 1.96862221e-01],
       [ 1.97269678e-01],
       [ 1.97677672e-01],
       [ 1.98084950e-01],
       [ 1.98492467e-01],
       [ 1.98900163e-01],
       [ 1.99307919e-01],
       [ 1.99715316e-01],
       [ 2.00123310e-01],
       [ 2.00530946e-01],
       [ 2.00938463e-01],
       [ 2.01346040e-01],
       [ 2.01753795e-01],
       [ 2.02161551e-01],
       [ 2.02569008e-01],
       [ 2.02976465e-01],
       [ 2.03384161e-01],
       [ 2.03792036e-01],
       [ 2.04199612e-01],
       [ 2.04607308e-01],
       [ 2.05014825e-01],
       [ 2.05422580e-01],
       [ 2.05830097e-01],
       [ 2.06237793e-01],
       [ 2.06645310e-01],
       [ 2.07052708e-01],
       [ 2.07460880e-01],
       [ 2.07868516e-01],
       [ 2.08275855e-01],
       [ 2.08683848e-01],
       [ 2.09091306e-01],
       [ 2.09498763e-01],
       [ 2.09906518e-01],
       [ 2.10314035e-01],
       [ 2.10721731e-01],
       [ 2.11129606e-01],
       [ 2.11537182e-01],
       [ 2.11944818e-01],
       [ 2.12352514e-01],
       [ 2.12759912e-01],
       [ 2.13167787e-01],
       [ 2.13575482e-01],
       [ 2.13982880e-01],
       [ 2.14390516e-01],
       [ 2.14798152e-01],
       [ 2.15205669e-01],
       [ 2.15613663e-01],
       [ 2.16021240e-01],
       [ 2.16428757e-01],
       [ 2.16836572e-01],
       [ 2.17244208e-01],
       [ 2.17651665e-01],
       [ 2.18059123e-01],
       [ 2.18467474e-01],
       [ 2.18874693e-01],
       [ 2.19282210e-01],
       [ 2.19689786e-01],
       [ 2.20097601e-01],
       [ 2.20505118e-01],
       [ 2.20912874e-01],
       [ 2.21320450e-01],
       [ 2.21728206e-01],
       [ 2.22135961e-01],
       [ 2.22543299e-01],
       [ 2.22951055e-01],
       [ 2.23358631e-01],
       [ 2.23766327e-01],
       [ 2.24174201e-01],
       [ 2.24581599e-01],
       [ 2.24989414e-01],
       [ 2.25396931e-01],
       [ 2.25804329e-01],
       [ 2.26212084e-01],
       [ 2.26619661e-01],
       [ 2.27027237e-01],
       [ 2.27434993e-01],
       [ 2.27842510e-01],
       [ 2.28250325e-01],
       [ 2.28658140e-01],
       [ 2.29065418e-01],
       [ 2.29473472e-01],
       [ 2.29881167e-01],
       [ 2.30288804e-01],
       [ 2.30696321e-01],
       [ 2.31103599e-01],
       [ 2.31511414e-01],
       [ 2.31919229e-01],
       [ 2.32326448e-01],
       [ 2.32734442e-01],
       [ 2.33142018e-01],
       [ 2.33549535e-01],
       [ 2.33957529e-01],
       [ 2.34365046e-01],
       [ 2.34772265e-01],
       [ 2.35180199e-01],
       [ 2.35587955e-01],
       [ 2.35995591e-01],
       [ 2.36403108e-01],
       [ 2.36811101e-01],
       [ 2.37218618e-01],
       [ 2.37626135e-01],
       [ 2.38033533e-01],
       [ 2.38441348e-01],
       [ 2.38849282e-01],
       [ 2.39256740e-01],
       [ 2.39664316e-01],
       [ 2.40072072e-01],
       [ 2.40479648e-01],
       [ 2.40886986e-01],
       [ 2.41295099e-01],
       [ 2.41702855e-01],
       [ 2.42110252e-01],
       [ 2.42517531e-01],
       [ 2.42925048e-01],
       [ 2.43332803e-01],
       [ 2.43740916e-01],
       [ 2.44148254e-01],
       [ 2.44556189e-01],
       [ 2.44963765e-01],
       [ 2.45371103e-01],
       [ 2.45778501e-01],
       [ 2.46187091e-01],
       [ 2.46594250e-01],
       [ 2.47001648e-01],
       [ 2.47409582e-01],
       [ 2.47816920e-01],
       [ 2.48224854e-01],
       [ 2.48632729e-01],
       [ 2.49040067e-01],
       [ 2.49447584e-01],
       [ 2.49855340e-01],
       [ 2.50262797e-01],
       [ 2.50670493e-01],
       [ 2.51078308e-01],
       [ 2.51486182e-01],
       [ 2.51893580e-01],
       [ 2.52300858e-01],
       [ 2.52708673e-01],
       [ 2.53116310e-01],
       [ 2.53524125e-01],
       [ 2.53931701e-01],
       [ 2.54338980e-01],
       [ 2.54746914e-01],
       [ 2.55154431e-01],
       [ 2.55561888e-01],
       [ 2.55969882e-01],
       [ 2.56377578e-01],
       [ 2.56785035e-01],
       [ 2.57192314e-01],
       [ 2.57600188e-01],
       [ 2.58007467e-01],
       [ 2.58416116e-01],
       [ 2.58823216e-01],
       [ 2.59230494e-01],
       [ 2.59638548e-01],
       [ 2.60046005e-01],
       [ 2.60453820e-01],
       [ 2.60861278e-01],
       [ 2.61269212e-01],
       [ 2.61676669e-01],
       [ 2.62084186e-01],
       [ 2.62492418e-01],
       [ 2.62899458e-01],
       [ 2.63306916e-01],
       [ 2.63714790e-01],
       [ 2.64122307e-01],
       [ 2.64530480e-01],
       [ 2.64937520e-01],
       [ 2.65345573e-01],
       [ 2.65753269e-01],
       [ 2.66160965e-01],
       [ 2.66568542e-01],
       [ 2.66975999e-01],
       [ 2.67383695e-01],
       [ 2.67790854e-01],
       [ 2.68198550e-01],
       [ 2.68606484e-01],
       [ 2.69014180e-01],
       [ 2.69422233e-01],
       [ 2.69829333e-01],
       [ 2.70237148e-01],
       [ 2.70644665e-01],
       [ 2.71052361e-01],
       [ 2.71460474e-01],
       [ 2.71867394e-01],
       [ 2.72275209e-01],
       [ 2.72682786e-01],
       [ 2.73090363e-01],
       [ 2.73498654e-01],
       [ 2.73905873e-01],
       [ 2.74313152e-01],
       [ 2.74721384e-01],
       [ 2.75129020e-01],
       [ 2.75536537e-01],
       [ 2.75943935e-01],
       [ 2.76351690e-01],
       [ 2.76759565e-01],
       [ 2.77166724e-01],
       [ 2.77574420e-01],
       [ 2.77982175e-01],
       [ 2.78390110e-01],
       [ 2.78797269e-01],
       [ 2.79204965e-01],
       [ 2.79613256e-01],
       [ 2.80019939e-01],
       [ 2.80428112e-01],
       [ 2.80835807e-01],
       [ 2.81242907e-01],
       [ 2.81651258e-01],
       [ 2.82058954e-01],
       [ 2.82466173e-01],
       [ 2.82874048e-01],
       [ 2.83281088e-01],
       [ 2.83689260e-01],
       [ 2.84097195e-01],
       [ 2.84504235e-01],
       [ 2.84911811e-01],
       [ 2.85319805e-01],
       [ 2.85727143e-01],
       [ 2.86135554e-01],
       [ 2.86543250e-01],
       [ 2.86949694e-01],
       [ 2.87357986e-01],
       [ 2.87765920e-01],
       [ 2.88173378e-01],
       [ 2.88581192e-01],
       [ 2.88987994e-01],
       [ 2.89396048e-01],
       [ 2.89803505e-01],
       [ 2.90212154e-01],
       [ 2.90619493e-01],
       [ 2.91026950e-01],
       [ 2.91434526e-01],
       [ 2.91841567e-01],
       [ 2.92249620e-01],
       [ 2.92657614e-01],
       [ 2.93065548e-01],
       [ 2.93473065e-01],
       [ 2.93880165e-01],
       [ 2.94287622e-01],
       [ 2.94695795e-01],
       [ 2.95103550e-01],
       [ 2.95511127e-01],
       [ 2.95917928e-01],
       [ 2.96325803e-01],
       [ 2.96733379e-01],
       [ 2.97141314e-01],
       [ 2.97548950e-01],
       [ 2.97957063e-01],
       [ 2.98364103e-01],
       [ 2.98771560e-01],
       [ 2.99179673e-01],
       [ 2.99586952e-01],
       [ 2.99994886e-01],
       [ 3.00402343e-01],
       [ 3.00809741e-01],
       [ 3.01217556e-01],
       [ 3.01625252e-01],
       [ 3.02033186e-01],
       [ 3.02441061e-01],
       [ 3.02848518e-01],
       [ 3.03255737e-01],
       [ 3.03663731e-01],
       [ 3.04071307e-01],
       [ 3.04478705e-01],
       [ 3.04886758e-01],
       [ 3.05293858e-01],
       [ 3.05701435e-01],
       [ 3.06109786e-01],
       [ 3.06517005e-01],
       [ 3.06924462e-01],
       [ 3.07332635e-01],
       [ 3.07739973e-01],
       [ 3.08147907e-01],
       [ 3.08555484e-01],
       [ 3.08962584e-01],
       [ 3.09370637e-01],
       [ 3.09777737e-01],
       [ 3.10186267e-01],
       [ 3.10593367e-01],
       [ 3.11000824e-01],
       [ 3.11408758e-01],
       [ 3.11816454e-01],
       [ 3.12224269e-01],
       [ 3.12631607e-01],
       [ 3.13039660e-01],
       [ 3.13446522e-01],
       [ 3.13854456e-01],
       [ 3.14262152e-01],
       [ 3.14669967e-01],
       [ 3.15077782e-01],
       [ 3.15485120e-01],
       [ 3.15892577e-01],
       [ 3.16300392e-01],
       [ 3.16707373e-01],
       [ 3.17115903e-01],
       [ 3.17523599e-01],
       [ 3.17930579e-01],
       [ 3.18338513e-01],
       [ 3.18746090e-01],
       [ 3.19154024e-01],
       [ 3.19561243e-01],
       [ 3.19969058e-01],
       [ 3.20376635e-01],
       [ 3.20784569e-01],
       [ 3.21192145e-01],
       [ 3.21599841e-01],
       [ 3.22007418e-01],
       [ 3.22414875e-01],
       [ 3.22822690e-01],
       [ 3.23230386e-01],
       [ 3.23637843e-01],
       [ 3.24045897e-01],
       [ 3.24453354e-01],
       [ 3.24860930e-01],
       [ 3.25268269e-01],
       [ 3.25676322e-01],
       [ 3.26084018e-01],
       [ 3.26491117e-01],
       [ 3.26899648e-01],
       [ 3.27306151e-01],
       [ 3.27714682e-01],
       [ 3.28122497e-01],
       [ 3.28529358e-01],
       [ 3.28937173e-01],
       [ 3.29344988e-01],
       [ 3.29752445e-01],
       [ 3.30160856e-01],
       [ 3.30567837e-01],
       [ 3.30975175e-01],
       [ 3.31382632e-01],
       [ 3.31790328e-01],
       [ 3.32198739e-01],
       [ 3.32606196e-01],
       [ 3.33013654e-01],
       [ 3.33420992e-01],
       [ 3.33828926e-01],
       [ 3.34236026e-01],
       [ 3.34644437e-01],
       [ 3.35052371e-01],
       [ 3.35458875e-01],
       [ 3.35867286e-01],
       [ 3.36274147e-01],
       [ 3.36682677e-01],
       [ 3.37090611e-01],
       [ 3.37497592e-01],
       [ 3.37905288e-01],
       [ 3.38312745e-01],
       [ 3.38720322e-01],
       [ 3.39128613e-01],
       [ 3.39536309e-01]], dtype=float32)}
test{'ballerina/http/Client#forward#http://13.90.39.240:8602': array([[8.28860514e-03],
       [1.10707559e-01],
       [2.13927791e-01],
       [3.17148030e-01],
       [4.20368224e-01],
       [5.23588598e-01],
       [6.26808763e-01],
       [7.30028987e-01],
       [8.33249152e-01],
       [9.36469376e-01],
       [1.03968978e+00],
       [1.14290977e+00],
       [1.24600720e+00],
       [1.34900105e+00],
       [1.45199525e+00],
       [1.55498934e+00],
       [1.65798366e+00],
       [1.76097727e+00],
       [1.86397123e+00],
       [1.96696532e+00],
       [2.06995964e+00],
       [2.17295337e+00],
       [2.27594805e+00],
       [2.37894154e+00],
       [2.48193622e+00],
       [2.58492994e+00],
       [2.68792391e+00],
       [2.79091835e+00],
       [2.89391208e+00],
       [2.99690676e+00],
       [3.09990883e+00],
       [3.20292902e+00],
       [3.30594897e+00],
       [3.40897012e+00],
       [3.51199055e+00],
       [3.61501026e+00],
       [3.71802926e+00],
       [3.82104993e+00],
       [3.92407084e+00],
       [4.02709007e+00],
       [4.13011074e+00],
       [4.23313141e+00],
       [4.33615017e+00],
       [4.43917084e+00],
       [4.54219151e+00],
       [4.64521122e+00],
       [4.74823093e+00],
       [4.85125065e+00],
       [4.95427179e+00],
       [5.05729151e+00],
       [5.16031122e+00],
       [5.26333094e+00],
       [5.36635160e+00],
       [5.46937275e+00],
       [5.57239294e+00],
       [5.67541265e+00],
       [5.77843189e+00],
       [5.88145208e+00],
       [5.98447227e+00],
       [6.08749247e+00],
       [6.19051313e+00],
       [6.29353237e+00],
       [6.39655304e+00],
       [6.49957418e+00],
       [6.60259295e+00],
       [6.70561218e+00],
       [6.80863380e+00],
       [6.91165447e+00],
       [7.01467419e+00],
       [7.11769390e+00],
       [7.22071457e+00],
       [7.32373285e+00],
       [7.42675352e+00],
       [7.52977324e+00],
       [7.63279295e+00],
       [7.73581314e+00],
       [7.83883429e+00],
       [7.94185495e+00],
       [8.04487705e+00],
       [8.14789581e+00],
       [8.25091362e+00],
       [8.35393524e+00],
       [8.45695496e+00],
       [8.55997467e+00],
       [8.66299343e+00],
       [8.76601410e+00],
       [8.86903572e+00],
       [8.97205544e+00],
       [9.07507801e+00],
       [9.17809677e+00],
       [9.28111458e+00],
       [9.38413525e+00],
       [9.48715496e+00],
       [9.59017563e+00],
       [9.69319534e+00],
       [9.79621410e+00],
       [9.89923859e+00],
       [1.00022573e+01],
       [1.01052780e+01],
       [1.02082968e+01],
       [1.03113165e+01],
       [1.04143362e+01],
       [1.05173559e+01],
       [1.06203756e+01],
       [1.07233973e+01],
       [1.08264189e+01],
       [1.09294395e+01],
       [1.10324583e+01],
       [1.11354780e+01],
       [1.12384977e+01],
       [1.13415184e+01],
       [1.14445381e+01],
       [1.15475569e+01],
       [1.16505775e+01],
       [1.17535992e+01],
       [1.18566189e+01],
       [1.19596415e+01],
       [1.20626583e+01],
       [1.21656780e+01],
       [1.22686977e+01],
       [1.23717184e+01],
       [1.24747391e+01],
       [1.25777578e+01],
       [1.26807785e+01],
       [1.27837982e+01],
       [1.28868217e+01],
       [1.29898405e+01],
       [1.30928602e+01],
       [1.31958818e+01],
       [1.32988997e+01],
       [1.34019194e+01],
       [1.35049391e+01],
       [1.36079578e+01],
       [1.37109776e+01],
       [1.38139982e+01],
       [1.39170189e+01],
       [1.40200424e+01],
       [1.41230621e+01],
       [1.42260799e+01],
       [1.43291016e+01],
       [1.44321222e+01],
       [1.45351439e+01],
       [1.46381626e+01],
       [1.47411804e+01],
       [1.48442039e+01],
       [1.49472227e+01],
       [1.50502443e+01],
       [1.51532612e+01],
       [1.52562828e+01],
       [1.53593016e+01],
       [1.54623194e+01],
       [1.55653419e+01],
       [1.56683598e+01],
       [1.57713785e+01],
       [1.58744040e+01],
       [1.59774237e+01],
       [1.60804443e+01],
       [1.61834641e+01],
       [1.62864838e+01],
       [1.63895054e+01],
       [1.64925251e+01],
       [1.65955467e+01],
       [1.66985664e+01],
       [1.68015862e+01],
       [1.69046078e+01],
       [1.70076256e+01],
       [1.71106453e+01],
       [1.72136650e+01],
       [1.73166866e+01],
       [1.74197063e+01],
       [1.75227203e+01],
       [1.76257477e+01],
       [1.77287655e+01],
       [1.78317890e+01],
       [1.79348030e+01],
       [1.80378265e+01],
       [1.81408463e+01],
       [1.82438679e+01],
       [1.83468857e+01],
       [1.84499054e+01],
       [1.85529270e+01],
       [1.86559486e+01],
       [1.87589684e+01],
       [1.88619862e+01],
       [1.89650078e+01],
       [1.90680275e+01],
       [1.91710491e+01],
       [1.92740669e+01],
       [1.93770847e+01],
       [1.94801083e+01],
       [1.95831299e+01],
       [1.96861515e+01],
       [1.97891693e+01],
       [1.98921871e+01],
       [1.99952068e+01],
       [2.00982304e+01],
       [2.02012482e+01],
       [2.03042641e+01],
       [2.04072857e+01],
       [2.05103054e+01],
       [2.06133308e+01],
       [2.07163486e+01],
       [2.08193722e+01],
       [2.09223881e+01],
       [2.10254097e+01],
       [2.11284275e+01],
       [2.12314472e+01],
       [2.13344727e+01],
       [2.14374886e+01],
       [2.15405102e+01],
       [2.16435299e+01],
       [2.17465515e+01],
       [2.18495712e+01],
       [2.19525909e+01],
       [2.20556087e+01],
       [2.21586323e+01],
       [2.22616482e+01],
       [2.23646679e+01],
       [2.24676895e+01],
       [2.25707073e+01],
       [2.26737347e+01],
       [2.27767525e+01],
       [2.28797741e+01],
       [2.29827900e+01],
       [2.30858097e+01],
       [2.31888351e+01],
       [2.32918530e+01],
       [2.33948746e+01],
       [2.34978924e+01],
       [2.36009140e+01],
       [2.37039337e+01],
       [2.38069534e+01],
       [2.39099712e+01],
       [2.40129929e+01],
       [2.41160126e+01],
       [2.42190323e+01],
       [2.43220539e+01],
       [2.44250755e+01],
       [2.45280914e+01],
       [2.46311131e+01],
       [2.47341347e+01],
       [2.48371506e+01],
       [2.49401779e+01],
       [2.50431938e+01],
       [2.51462173e+01],
       [2.52492390e+01],
       [2.53522549e+01],
       [2.54552765e+01],
       [2.55582924e+01],
       [2.56613140e+01],
       [2.57643337e+01],
       [2.58673630e+01],
       [2.59703789e+01],
       [2.60733967e+01],
       [2.61764183e+01],
       [2.62794342e+01],
       [2.63824558e+01],
       [2.64854774e+01],
       [2.65884933e+01],
       [2.66915150e+01],
       [2.67945366e+01],
       [2.68975582e+01],
       [2.70005760e+01],
       [2.71035938e+01],
       [2.72066154e+01],
       [2.73096352e+01],
       [2.74126511e+01],
       [2.75156879e+01],
       [2.76187038e+01],
       [2.77217197e+01],
       [2.78247433e+01],
       [2.79277611e+01],
       [2.80307846e+01],
       [2.81338005e+01],
       [2.82368221e+01],
       [2.83398399e+01],
       [2.84428616e+01],
       [2.85458832e+01],
       [2.86489010e+01],
       [2.87519226e+01],
       [2.88549404e+01],
       [2.89579582e+01],
       [2.90609856e+01],
       [2.91639996e+01],
       [2.92670212e+01],
       [2.93700409e+01],
       [2.94730625e+01],
       [2.95760784e+01],
       [2.96791019e+01],
       [2.97821198e+01],
       [2.98851376e+01],
       [2.99881592e+01],
       [3.00911865e+01],
       [3.01942043e+01],
       [3.02972164e+01],
       [3.04002380e+01],
       [3.05032597e+01],
       [3.06062870e+01],
       [3.07092991e+01],
       [3.08123226e+01],
       [3.09153385e+01],
       [3.10183640e+01],
       [3.11213799e+01],
       [3.12244015e+01],
       [3.13274231e+01],
       [3.14304428e+01],
       [3.15334644e+01],
       [3.16364918e+01],
       [3.17395077e+01],
       [3.18425217e+01],
       [3.19455490e+01],
       [3.20485725e+01],
       [3.21515884e+01],
       [3.22546043e+01],
       [3.23576279e+01],
       [3.24606476e+01],
       [3.25636673e+01],
       [3.26666832e+01],
       [3.27697105e+01],
       [3.28727226e+01],
       [3.29757462e+01],
       [3.30787659e+01],
       [3.31817894e+01],
       [3.32848015e+01],
       [3.33878212e+01],
       [3.34908409e+01],
       [3.35938721e+01],
       [3.36968803e+01],
       [3.37999001e+01],
       [3.39029274e+01],
       [3.40059357e+01],
       [3.41089668e+01],
       [3.42119865e+01],
       [3.43150063e+01],
       [3.44180145e+01],
       [3.45210381e+01],
       [3.46240654e+01],
       [3.47270851e+01],
       [3.48301010e+01],
       [3.49331322e+01],
       [3.50361481e+01],
       [3.51391716e+01],
       [3.52421875e+01],
       [3.53452110e+01],
       [3.54482269e+01],
       [3.55512543e+01],
       [3.56542702e+01],
       [3.57572937e+01],
       [3.58603020e+01],
       [3.59633331e+01],
       [3.60663452e+01],
       [3.61693687e+01],
       [3.62723885e+01],
       [3.63754044e+01],
       [3.64784279e+01],
       [3.65814552e+01],
       [3.66844711e+01],
       [3.67874870e+01],
       [3.68905067e+01],
       [3.69935226e+01],
       [3.70965500e+01],
       [3.71995697e+01],
       [3.73025932e+01],
       [3.74056015e+01],
       [3.75086288e+01],
       [3.76116486e+01],
       [3.77146645e+01],
       [3.78176842e+01],
       [3.79207039e+01],
       [3.80237274e+01],
       [3.81267471e+01],
       [3.82297707e+01],
       [3.83327866e+01],
       [3.84358063e+01],
       [3.85388222e+01],
       [3.86418571e+01],
       [3.87448730e+01],
       [3.88478928e+01],
       [3.89509087e+01],
       [3.90539360e+01],
       [3.91569557e+01],
       [3.92599716e+01],
       [3.93629875e+01],
       [3.94660110e+01],
       [3.95690269e+01],
       [3.96720543e+01],
       [3.97750664e+01],
       [3.98780937e+01],
       [3.99811020e+01],
       [4.00841293e+01],
       [4.01871567e+01],
       [4.02901726e+01],
       [4.03931923e+01],
       [4.04962082e+01],
       [4.05992393e+01],
       [4.07022514e+01],
       [4.08052673e+01],
       [4.09082870e+01],
       [4.10113106e+01],
       [4.11143303e+01],
       [4.12173538e+01],
       [4.13203697e+01],
       [4.14233894e+01],
       [4.15264053e+01],
       [4.16294365e+01],
       [4.17324524e+01],
       [4.18354683e+01],
       [4.19384842e+01],
       [4.20415077e+01],
       [4.21445465e+01],
       [4.22475586e+01],
       [4.23505783e+01],
       [4.24535942e+01],
       [4.25566101e+01],
       [4.26596375e+01],
       [4.27626610e+01],
       [4.28656769e+01],
       [4.29686966e+01],
       [4.30717163e+01],
       [4.31747398e+01],
       [4.32777596e+01],
       [4.33807755e+01],
       [4.34837914e+01],
       [4.35868111e+01],
       [4.36898384e+01],
       [4.37928581e+01],
       [4.38958740e+01],
       [4.39988937e+01],
       [4.41019058e+01],
       [4.42049370e+01],
       [4.43079605e+01],
       [4.44109688e+01],
       [4.45139961e+01],
       [4.46170158e+01],
       [4.47200432e+01],
       [4.48230515e+01],
       [4.49260750e+01],
       [4.50290947e+01],
       [4.51321220e+01],
       [4.52351379e+01],
       [4.53381577e+01],
       [4.54411697e+01],
       [4.55441971e+01],
       [4.56472130e+01],
       [4.57502365e+01],
       [4.58532600e+01],
       [4.59562683e+01],
       [4.60592957e+01],
       [4.61623230e+01],
       [4.62653427e+01],
       [4.63683548e+01],
       [4.64713783e+01],
       [4.65744019e+01],
       [4.66774216e+01],
       [4.67804413e+01],
       [4.68834648e+01],
       [4.69864807e+01],
       [4.70895004e+01],
       [4.71925201e+01],
       [4.72955437e+01],
       [4.73985558e+01],
       [4.75015755e+01],
       [4.76045952e+01],
       [4.77076225e+01],
       [4.78106384e+01],
       [4.79136581e+01],
       [4.80166702e+01],
       [4.81196976e+01],
       [4.82227211e+01],
       [4.83257408e+01],
       [4.84287605e+01],
       [4.85317726e+01],
       [4.86348000e+01],
       [4.87378235e+01],
       [4.88408432e+01],
       [4.89438553e+01],
       [4.90468750e+01],
       [4.91498985e+01],
       [4.92529182e+01],
       [4.93559418e+01],
       [4.94589577e+01],
       [4.95619736e+01],
       [4.96650009e+01],
       [4.97680244e+01],
       [4.98710442e+01],
       [4.99740601e+01],
       [5.00770760e+01],
       [5.01801033e+01],
       [5.02831306e+01],
       [5.03861427e+01],
       [5.04891586e+01],
       [5.05921822e+01],
       [5.06952095e+01],
       [5.07982254e+01],
       [5.09012413e+01],
       [5.10042686e+01],
       [5.11072845e+01],
       [5.12103043e+01],
       [5.13133392e+01],
       [5.14163551e+01],
       [5.15193596e+01],
       [5.16223755e+01],
       [5.17254143e+01],
       [5.18284302e+01],
       [5.19314423e+01],
       [5.20344620e+01],
       [5.21374855e+01],
       [5.22405052e+01],
       [5.23435211e+01],
       [5.24465561e+01],
       [5.25495682e+01],
       [5.26525841e+01],
       [5.27556114e+01],
       [5.28586159e+01],
       [5.29616470e+01],
       [5.30646591e+01],
       [5.31676865e+01],
       [5.32707024e+01],
       [5.33737297e+01],
       [5.34767456e+01],
       [5.35797501e+01],
       [5.36827774e+01],
       [5.37857933e+01],
       [5.38888092e+01],
       [5.39918365e+01],
       [5.40948601e+01],
       [5.41978798e+01],
       [5.43008919e+01],
       [5.44039268e+01],
       [5.45069427e+01],
       [5.46099701e+01],
       [5.47129745e+01],
       [5.48160133e+01],
       [5.49190216e+01],
       [5.50220337e+01],
       [5.51250496e+01],
       [5.52280807e+01],
       [5.53311043e+01],
       [5.54341164e+01],
       [5.55371552e+01],
       [5.56401749e+01],
       [5.57431984e+01],
       [5.58461952e+01],
       [5.59492188e+01],
       [5.60522461e+01],
       [5.61552696e+01],
       [5.62582741e+01],
       [5.63613014e+01],
       [5.64643211e+01],
       [5.65673447e+01],
       [5.66703606e+01],
       [5.67733879e+01],
       [5.68764038e+01],
       [5.69794235e+01],
       [5.70824356e+01],
       [5.71854744e+01],
       [5.72884750e+01],
       [5.73915024e+01],
       [5.74945221e+01],
       [5.75975571e+01],
       [5.77005653e+01],
       [5.78035889e+01],
       [5.79066048e+01],
       [5.80096245e+01],
       [5.81126366e+01],
       [5.82156601e+01],
       [5.83186684e+01],
       [5.84217033e+01],
       [5.85247231e+01],
       [5.86277504e+01],
       [5.87307854e+01],
       [5.88337822e+01],
       [5.89368057e+01],
       [5.90398178e+01],
       [5.91428566e+01],
       [5.92458649e+01],
       [5.93488884e+01],
       [5.94518967e+01],
       [5.95549316e+01],
       [5.96579514e+01],
       [5.97609749e+01],
       [5.98639832e+01],
       [5.99670143e+01],
       [6.00700226e+01],
       [6.01730576e+01],
       [6.02760506e+01],
       [6.03790817e+01],
       [6.04820976e+01],
       [6.05851326e+01],
       [6.06881599e+01],
       [6.07911758e+01],
       [6.08941879e+01],
       [6.09972038e+01],
       [6.11002235e+01],
       [6.12032471e+01],
       [6.13062630e+01],
       [6.14092827e+01],
       [6.15123177e+01],
       [6.16153374e+01],
       [6.17183380e+01],
       [6.18213615e+01],
       [6.19243889e+01],
       [6.20274162e+01],
       [6.21304207e+01],
       [6.22334480e+01],
       [6.23364639e+01],
       [6.24394836e+01],
       [6.25425110e+01],
       [6.26455345e+01],
       [6.27485619e+01],
       [6.28515739e+01],
       [6.29545937e+01],
       [6.30576172e+01],
       [6.31606369e+01],
       [6.32636414e+01],
       [6.33666649e+01],
       [6.34696846e+01],
       [6.35727196e+01],
       [6.36757355e+01],
       [6.37787628e+01],
       [6.38817863e+01],
       [6.39847832e+01],
       [6.40877991e+01]], dtype=float32), 'ballerina/http/Client#get#https://ap15.salesforce.com': array([[0.32037053],
       [0.38328114]], dtype=float32), 'ballerina/http/Client#patch#https://graph.microsoft.com': array([[0.19533658],
       [0.19533658],
       [0.19533658],
       [0.19533658],
       [0.19533658],
       [0.19533658],
       [0.19533658],
       [0.19533658],
       [0.19533658],
       [0.19533658],
       [0.19533658],
       [0.19533658],
       [0.19533658]], dtype=float32), 'ballerina/http/Client#post#https://login.salesforce.com/services/oauth2/token': array([[0.09926208],
       [0.17181364],
       [0.2544554 ]], dtype=float32), 'ballerinax/sfdc/SObjectClient#createRecord': array([[0.45392552],
       [0.49673608],
       [0.5442417 ],
       [0.602355  ],
       [0.66046834],
       [0.70625055],
       [0.7191198 ]], dtype=float32)}